595 174 190
595 397 154
397 174 110
397 595 154
174 397 110
174 595 190
620 190 201
190 620 201
679 72 197
72 679 197
765 746 57
746 765 57
949 876 311
876 949 311
685 748 272
748 685 272
793 726 193
726 793 193
840 460 117
460 840 117
382 823 134
823 382 134
566 101 113
101 566 113
275 45 337
45 275 337
882 884 184
884 882 184
312 275 533
275 312 533
231 137 94
137 231 94
961 948 130
948 961 130
789 547 307
547 789 307
790 568 164
568 790 164
839 871 234
871 839 234
237 141 232
141 237 232
250 195 134
195 250 134
817 516 183
516 817 183
864 607 240
607 864 240
98 987 216
987 98 216
758 780 64
780 758 64
520 604 242
604 520 242
602 656 99
656 602 99
800 679 219
679 800 219
848 698 251
698 848 251
376 419 207
419 376 207
806 479 275
479 806 275
348 319 70
319 348 70
624 267 277
267 624 277
49 413 243
413 49 243
638 202 175
202 638 175
341 421 239
421 341 239
151 566 165
566 151 165
969 727 192
727 969 192
433 227 181
227 433 181
867 556 200
556 867 200
226 425 371
425 226 371
658 200 256
200 658 256
865 668 232
668 865 232
262 983 224
983 262 224
6 437 310
437 6 310
560 642 244
642 560 244
883 734 266
734 883 266
870 119 106
119 870 106
569 587 162
587 569 162
239 272 99
272 239 99
112 135 174
135 112 174
926 841 42
841 926 42
472 830 111
830 472 111
76 203 225
203 76 225
731 566 339
566 731 339
899 294 185
294 899 185
760 546 199
546 760 199
44 540 144
540 44 144
24 759 164
759 24 164
456 793 302
793 456 302
148 440 181
440 148 181
55 993 274
993 55 274
836 81 98
81 836 98
885 342 140
342 885 140
830 467 206
467 830 206
110 620 394
620 110 394
674 9 264
9 674 264
937 250 151
250 937 151
44 638 290
638 44 290
694 76 249
76 694 249
189 741 279
741 189 279
515 814 159
814 515 159
585 217 130
217 585 130
199 495 80
495 199 80
304 585 191
585 304 191
881 716 335
716 881 335
423 962 141
962 423 141
263 915 207
915 263 207
756 425 417
425 756 417
639 873 63
873 639 63
486 137 224
137 486 224
856 141 282
141 856 282
986 328 85
328 986 85
392 187 188
187 392 188
573 775 201
775 573 201
710 337 164
337 710 164
923 937 152
937 923 152
517 874 212
874 517 212
462 870 100
870 462 100
135 507 285
507 135 285
552 630 149
630 552 149
117 152 191
152 117 191
804 148 153
148 804 153
988 499 179
499 988 179
253 783 198
783 253 198
88 515 155
515 88 155
40 370 192
370 40 192
406 889 152
889 406 152
776 510 246
510 776 246
876 936 249
936 876 249
773 155 287
155 773 287
158 386 122
386 158 122
272 649 306
649 272 306
324 913 100
913 324 100
532 920 98
920 532 98
886 439 137
439 886 137
97 48 259
48 97 259
230 338 148
338 230 148
571 986 139
986 571 139
395 298 128
298 395 128
971 877 299
877 971 299
454 601 339
601 454 339
160 248 238
248 160 238
283 869 309
869 283 309
380 969 240
969 380 240
394 522 98
522 394 98
194 921 150
921 194 150
564 144 88
144 564 88
180 319 121
319 180 121
686 381 253
381 686 253
102 892 260
892 102 260
111 336 101
336 111 101
448 219 69
219 448 69
694 675 93
675 694 93
725 426 255
426 725 255
107 281 39
281 107 39
509 224 241
224 509 241
521 3 158
3 521 158
325 501 274
501 325 274
600 752 243
752 600 243
412 419 228
419 412 228
861 823 275
823 861 275
942 158 220
158 942 220
846 854 247
854 846 247
947 666 142
666 947 142
854 187 375
187 854 375
590 683 199
683 590 199
723 781 328
781 723 328
19 334 81
334 19 81
597 84 198
84 597 198
353 853 255
853 353 255
508 55 354
55 508 354
735 926 183
926 735 183
38 416 110
416 38 110
704 419 311
419 704 311
133 725 419
725 133 419
803 583 199
583 803 199
774 723 92
723 774 92
236 227 305
227 236 305
687 489 282
489 687 282
617 788 341
788 617 341
742 801 38
801 742 38
980 219 88
219 980 88
114 821 149
821 114 149
74 208 188
208 74 188
908 762 218
762 908 218
249 843 123
843 249 123
169 758 225
758 169 225
410 216 164
216 410 164
701 517 244
517 701 244
661 849 231
849 661 231
109 830 205
830 109 205
544 890 165
890 544 165
398 113 29
113 398 29
733 444 191
444 733 191
807 613 281
613 807 281
795 958 179
958 795 179
635 910 279
910 635 279
649 898 140
898 649 140
713 199 214
199 713 214
619 597 179
597 619 179
34 777 198
777 34 198
815 325 293
325 815 293
479 64 166
64 479 166
223 776 396
776 223 396
814 88 314
88 814 314
9 130 306
130 9 306
932 394 172
394 932 172
131 808 255
808 131 255
739 341 357
341 739 357
811 494 162
494 811 162
654 811 69
811 654 69
731 541 324
541 731 324
201 920 143
920 201 143
937 201 132
201 937 132
618 904 269
904 618 269
110 973 290
973 110 290
371 174 360
174 371 360
938 950 141
950 938 141
390 890 242
890 390 242
787 86 224
86 787 224
979 760 201
760 979 201
850 539 129
539 850 129
958 824 178
824 958 178
928 924 169
924 928 169
568 642 263
642 568 263
397 378 218
378 397 218
171 587 200
587 171 200
728 238 164
238 728 164
951 26 249
26 951 249
950 728 127
728 950 127
164 796 153
796 164 153
820 925 208
925 820 208
664 404 139
404 664 139
700 955 133
955 700 133
724 496 45
496 724 45
312 752 284
752 312 284
57 706 82
706 57 82
12 360 197
360 12 197
962 128 110
128 962 110
299 552 280
552 299 280
137 483 340
483 137 340
981 267 381
267 981 381
309 66 122
66 309 122
557 596 223
596 557 223
904 40 273
40 904 273
21 106 214
106 21 214
829 240 214
240 829 214
772 789 87
789 772 87
709 564 265
564 709 265
354 17 20
17 354 20
714 199 269
199 714 269
266 849 254
849 266 254
935 865 414
865 935 414
567 620 181
620 567 181
482 739 287
739 482 287
910 659 191
659 910 191
430 840 179
840 430 179
660 694 137
694 660 137
994 907 352
907 994 352
132 317 224
317 132 224
766 951 260
951 766 260
145 748 399
748 145 399
235 194 312
194 235 312
842 729 137
729 842 137
293 730 303
730 293 303
640 262 335
262 640 335
539 65 284
65 539 284
785 57 171
57 785 171
788 214 371
214 788 371
844 373 119
373 844 119
732 519 148
519 732 148
413 88 115
88 413 115
629 428 120
428 629 120
781 774 420
774 781 420
822 793 368
793 822 368
512 969 352
969 512 352
238 950 291
950 238 291
599 519 273
519 599 273
529 926 376
926 529 376
341 482 644
482 341 644
267 410 53
410 267 53
756 765 131
765 756 131
411 145 568
145 411 568
499 882 216
882 499 216
780 169 289
169 780 289
375 186 156
186 375 156
91 791 316
791 91 316
809 756 200
756 809 200
542 951 275
951 542 275
483 402 102
402 483 102
819 657 300
657 819 300
11 286 261
286 11 261
141 952 266
952 141 266
680 155 329
155 680 329
929 639 13
639 929 13
154 253 398
253 154 398
466 180 195
180 466 195
643 57 211
57 643 211
465 86 406
86 465 406
406 91 325
91 406 325
219 470 170
470 219 170
210 275 99
275 210 99
762 291 233
291 762 233
644 742 190
742 644 190
1 398 183
398 1 183
165 583 368
583 165 368
185 479 338
479 185 338
561 131 336
131 561 336
556 756 366
756 556 366
670 80 202
80 670 202
476 74 164
74 476 164
603 270 286
270 603 286
613 516 297
516 613 297
980 958 249
958 980 249
906 899 284
899 906 284
890 240 244
240 890 244
252 550 170
550 252 170
612 704 254
704 612 254
157 273 206
273 157 206
41 145 268
145 41 268
970 729 177
729 970 177
4 747 133
747 4 133
684 698 435
698 684 435
4 353 429
353 4 429
173 534 280
534 173 280
503 141 341
141 503 341
676 607 435
607 676 435
496 556 295
556 496 295
775 261 172
261 775 172
686 283 432
283 686 432
119 462 206
462 119 206
655 934 190
934 655 190
396 971 406
971 396 406
703 946 249
946 703 249
884 499 400
499 884 400
662 439 301
439 662 301
712 615 276
615 712 276
925 178 191
178 925 191
212 988 163
988 212 163
129 949 194
949 129 194
878 930 199
930 878 199
618 40 542
40 618 542
420 457 225
457 420 225
416 899 377
899 416 377
415 762 387
762 415 387
507 300 248
300 507 248
551 324 255
324 551 255
50 779 197
779 50 197
186 947 146
947 186 146
872 7 180
7 872 180
608 851 174
851 608 174
822 937 213
937 822 213
292 928 345
928 292 345
378 394 353
394 378 353
152 593 45
593 152 45
960 394 195
394 960 195
586 96 294
96 586 294
737 655 360
655 737 360
421 201 393
201 421 393
993 795 131
795 993 131
213 742 35
742 213 35
232 885 157
885 232 157
183 703 397
703 183 397
493 141 379
141 493 379
132 700 193
700 132 193
471 948 132
948 471 132
337 396 565
396 337 565
751 691 240
691 751 240
792 110 413
110 792 413
873 71 317
71 873 317
68 456 182
456 68 182
219 958 337
958 219 337
191 571 143
571 191 143
365 667 130
667 365 130
287 709 205
709 287 205
55 795 405
795 55 405
489 654 104
654 489 104
967 271 197
271 967 197
634 398 238
634 547 244
547 398 372
547 634 244
398 547 372
398 634 238
966 286 266
966 716 108
716 286 364
716 966 108
286 716 364
286 966 266
396 360 363
396 617 177
617 360 208
617 396 177
360 396 363
360 617 208
667 557 322
667 841 213
557 667 322
557 841 283
841 557 283
841 667 213
663 722 98
663 854 17
722 663 98
722 854 95
854 663 17
854 722 95
229 80 238
229 371 148
371 80 218
371 229 148
80 229 238
80 371 218
916 185 163
916 354 126
185 354 77
185 916 163
354 185 77
354 916 126
572 3 317
572 429 308
429 3 361
429 572 308
3 429 361
3 572 317
818 106 217
818 651 44
651 106 255
651 818 44
106 651 255
106 818 217
227 446 349
227 759 325
446 227 349
446 759 352
759 227 325
759 446 352
760 350 163
760 951 349
350 760 163
350 951 312
951 350 312
951 760 349
175 189 259
175 663 149
663 175 149
663 189 124
189 175 259
189 663 124
286 423 146
286 670 173
423 286 146
423 670 63
670 286 173
670 423 63
547 287 98
547 614 115
614 287 23
614 547 115
287 547 98
287 614 23
745 416 130
745 660 25
660 416 115
660 745 25
416 660 115
416 745 130
298 145 402
298 889 211
889 145 345
889 298 211
145 298 402
145 889 345
581 442 183
581 686 244
442 581 183
442 686 79
686 442 79
686 581 244
441 619 34
441 709 155
619 441 34
619 709 187
709 441 155
709 619 187
235 97 315
235 360 207
360 235 207
97 235 315
528 117 305
528 413 430
117 413 361
117 528 305
413 117 361
413 528 430
513 779 297
513 936 184
936 513 184
936 779 281
779 513 297
779 936 281
799 162 283
799 290 179
290 162 218
290 799 179
162 290 218
162 799 283
628 418 99
628 542 64
542 418 105
542 628 64
418 542 105
418 628 99
754 341 277
341 479 277
341 754 277
479 341 277
893 309 200
893 398 186
398 309 230
398 893 186
309 398 230
309 893 200
497 377 128
497 456 242
377 456 250
377 497 128
456 377 250
456 497 242
111 642 309
111 873 505
642 111 309
642 873 438
873 111 505
873 642 438
942 609 163
942 628 185
628 609 88
628 942 185
609 628 88
609 942 163
585 338 258
585 597 384
338 585 258
338 597 270
597 338 270
597 585 384
342 406 484
342 942 349
942 342 349
942 406 515
406 342 484
406 942 515
468 114 200
468 260 224
260 114 316
260 468 224
114 260 316
114 468 200
442 235 366
442 667 70
667 235 334
667 442 70
235 667 334
431 385 51
431 497 24
497 385 49
497 431 24
385 431 51
385 497 49
537 587 207
587 537 207
587 892 391
892 587 391
177 225 297
177 406 157
225 177 297
225 406 198
406 177 157
406 225 198
894 462 202
894 830 374
462 830 238
462 894 202
830 462 238
830 894 374
651 398 133
651 760 193
760 398 118
760 651 193
398 651 133
398 760 118
871 485 331
871 688 342
688 485 345
688 871 342
485 688 345
485 871 331
420 462 364
420 619 245
619 420 245
619 462 293
462 420 364
462 619 293
230 9 372
230 34 252
34 9 492
34 230 252
9 34 492
9 230 372
960 317 299
960 700 268
317 700 417
317 960 299
700 317 417
700 960 268
482 725 541
482 939 164
939 482 164
939 725 461
725 482 541
725 939 461
370 309 68
370 603 48
603 309 108
603 370 48
309 370 68
309 603 108
215 100 77
215 684 178
100 215 77
100 684 147
684 100 147
684 215 178
80 185 148
80 521 282
521 80 282
521 185 158
185 80 148
185 521 158
893 554 215
893 968 266
968 554 83
968 893 266
554 893 215
554 968 83
18 117 220
18 593 74
117 18 220
117 593 236
593 18 74
593 117 236
514 126 215
514 839 312
839 126 245
839 514 312
126 514 215
126 839 245
892 272 42
892 273 235
272 273 219
272 892 42
273 272 219
273 892 235
643 942 227
643 947 100
947 643 100
947 942 313
942 643 227
942 947 313
161 248 301
161 363 83
363 161 83
363 248 258
248 161 301
248 363 258
434 610 173
434 796 268
610 434 173
610 796 211
796 434 268
796 610 211
197 654 194
654 197 194
654 583 495
583 654 495
206 350 290
206 780 379
350 206 290
350 780 489
780 206 379
780 350 489
805 534 389
805 763 242
763 534 413
763 805 242
534 763 413
534 805 389
232 222 106
232 925 231
222 232 106
222 925 257
925 222 257
925 232 231
660 319 299
660 466 373
319 466 316
319 660 299
466 319 316
466 660 373
206 297 255
206 703 547
297 206 255
297 703 502
703 206 547
703 297 502
268 117 176
846 117 222
117 268 176
117 846 222
866 273 278
866 571 261
273 571 303
273 866 278
571 273 303
571 866 261
260 239 188
260 648 314
648 239 192
648 260 314
239 260 188
239 648 192
81 55 284
81 654 381
55 81 284
55 654 291
654 55 291
654 81 381
73 897 118
73 981 118
981 73 118
981 897 102
897 73 118
897 981 102
171 658 351
171 731 175
731 171 175
731 658 336
658 171 351
658 731 336
656 820 121
656 954 208
954 656 208
954 820 93
820 656 121
820 954 93
431 141 131
141 431 131
644 557 317
644 988 318
557 644 317
557 988 325
988 557 325
988 644 318
887 539 190
887 742 164
539 742 96
539 887 190
742 539 96
742 887 164
354 776 399
354 885 201
885 354 201
885 776 594
776 354 399
776 885 594
563 509 285
563 805 60
805 509 257
805 563 60
509 563 285
509 805 257
465 177 342
465 406 243
465 678 222
678 177 474
678 406 375
678 465 222
177 465 342
177 678 474
406 465 243
406 678 375
439 80 385
439 107 176
439 371 295
107 80 267
107 371 177
107 439 176
371 107 177
371 439 295
80 107 267
80 439 385
593 358 138
385 358 184
358 385 184
358 593 138
583 484 261
583 780 142
484 583 261
484 780 225
780 484 225
780 583 142
297 227 460
297 383 326
383 227 476
383 297 326
227 297 460
227 383 476
162 112 134
162 890 302
112 162 134
112 890 320
890 112 320
890 162 302
379 73 299
73 379 299
73 550 363
550 73 363
32 814 256
814 32 256
154 814 593
665 86 228
665 647 205
647 86 223
647 665 205
86 647 223
86 665 228
504 7 56
504 693 107
693 7 125
693 504 107
7 504 56
7 693 125
79 553 237
79 775 337
553 79 237
553 775 244
775 79 337
775 553 244
259 355 354
259 953 206
355 259 354
355 953 196
953 259 206
953 355 196
650 590 243
112 590 279
590 112 279
590 650 243
463 503 342
463 967 349
503 463 342
967 463 349
270 469 214
270 593 32
469 270 214
469 593 188
593 270 32
593 469 188
466 96 233
466 107 142
96 107 169
96 466 233
107 96 169
107 466 142
642 686 629
642 731 349
731 642 349
731 686 584
686 642 629
686 731 584
757 704 160
757 762 295
704 757 160
704 762 331
762 704 331
762 757 295
641 325 153
641 928 379
325 641 153
325 928 464
928 325 464
928 641 379
512 647 273
512 730 422
647 512 273
647 730 457
730 512 422
730 647 457
309 385 181
309 899 303
385 309 181
385 899 248
899 309 303
899 385 248
474 19 199
474 552 371
19 474 199
19 552 388
552 19 388
552 474 371
117 483 226
117 507 401
483 117 226
483 507 321
507 117 401
507 483 321
96 425 105
96 956 201
956 96 201
956 425 120
425 96 105
425 956 120
838 585 215
838 593 61
593 585 228
593 838 61
585 593 228
585 838 215
734 422 211
734 907 192
422 734 211
422 907 349
907 422 349
907 734 192
582 786 210
582 804 133
804 582 133
804 786 157
786 582 210
786 804 157
27 275 601
27 752 352
275 27 601
275 752 817
752 27 352
752 275 817
851 598 97
851 687 195
687 598 268
687 851 195
598 687 268
598 851 97
332 55 100
332 879 77
879 55 93
879 332 77
55 332 100
55 879 93
705 434 50
705 988 107
434 705 50
434 988 135
988 434 135
988 705 107
444 126 306
444 818 238
126 444 306
126 818 210
818 126 210
818 444 238
174 389 89
174 666 85
389 174 89
389 666 44
666 174 85
666 389 44
529 111 297
529 683 248
683 111 153
683 529 248
111 529 297
111 683 153
741 763 212
741 987 340
763 741 212
763 987 210
987 741 340
987 763 210
417 4 431
417 199 103
199 4 530
199 417 103
4 199 530
4 417 431
118 55 275
118 953 325
55 118 275
55 953 342
259 118 483
953 55 342
953 118 325
387 559 63
387 878 109
559 387 63
559 878 60
878 387 109
878 559 60
860 511 139
860 729 233
511 729 170
511 860 139
729 511 170
729 860 233
581 10 108
10 581 108
554 182 208
554 186 238
182 186 282
182 554 208
186 182 282
186 554 238
301 57 336
301 456 412
301 497 290
57 301 336
57 456 424
57 497 302
497 57 302
497 301 290
456 57 424
456 301 412
58 397 223
397 58 223
471 686 407
471 695 158
695 471 158
695 686 257
686 471 407
686 695 257
695 174 217
695 588 142
695 666 172
588 174 103
588 666 58
588 695 142
174 588 103
174 695 217
666 588 58
666 695 172
858 185 309
858 483 231
185 483 282
185 858 309
483 185 282
483 858 231
608 664 310
608 910 360
910 608 360
910 664 328
664 608 310
664 910 328
521 216 230
521 267 119
216 267 217
216 521 230
267 216 217
267 521 119
750 145 709
750 564 247
564 145 674
564 750 247
145 564 674
660 582 336
660 762 530
582 660 336
582 762 580
762 582 580
762 660 530
196 734 265
196 846 69
196 907 403
846 196 69
846 734 226
846 907 364
734 196 265
734 846 226
907 196 403
907 846 364
814 58 183
814 259 270
58 259 247
58 814 183
259 58 247
259 814 270
844 298 299
844 629 252
298 629 287
298 844 299
629 298 287
629 844 252
365 3 483
365 86 211
365 572 430
86 3 450
86 365 211
86 572 397
572 86 397
572 365 430
3 86 450
3 365 483
708 550 151
708 840 285
550 708 151
550 840 224
840 550 224
840 708 285
792 883 179
792 893 166
883 792 179
883 893 201
893 792 166
893 883 201
454 6 468
454 703 327
703 6 479
703 454 327
6 454 468
6 703 479
248 455 171
248 484 274
455 248 171
455 484 185
484 248 274
484 455 185
752 10 144
752 227 405
752 759 408
10 227 437
10 752 144
10 759 440
227 10 437
227 752 405
759 10 440
759 752 408
998 144 146
998 929 219
929 144 205
929 998 219
144 929 205
144 998 146
609 6 158
609 248 249
609 484 263
6 248 251
6 484 265
6 609 158
248 6 251
248 609 249
484 6 265
484 609 263
509 420 405
509 611 186
611 420 231
611 509 186
420 509 405
420 611 231
705 503 540
705 925 342
705 967 547
925 503 486
925 705 342
925 967 493
503 705 540
503 925 486
967 503 691
967 705 547
967 925 493
832 703 176
832 830 302
703 830 286
703 832 176
830 703 286
830 832 302
736 114 358
736 238 280
736 260 382
238 114 322
238 260 346
238 736 280
260 238 346
260 736 382
114 238 322
114 736 358
301 219 254
301 678 149
678 219 235
678 301 149
219 301 254
219 678 235
18 556 121
18 967 113
967 18 113
967 556 156
556 18 121
556 967 156
737 19 256
737 552 428
737 883 229
883 19 371
883 737 229
19 737 256
19 883 371
552 737 428
552 883 543
960 137 355
960 638 297
638 137 390
638 960 297
137 638 390
137 960 355
948 654 246
948 687 424
687 654 386
687 948 424
654 687 386
654 948 246
957 324 218
957 567 171
567 324 263
567 957 171
324 567 263
324 957 218
819 9 267
819 811 320
9 811 271
9 819 267
811 9 271
811 819 320
838 189 100
838 911 274
911 189 198
911 838 274
189 838 100
189 911 198
196 7 175
196 241 158
196 693 226
241 7 95
241 196 158
241 693 146
693 196 226
693 241 146
7 196 175
7 241 95
821 55 403
821 987 82
987 55 387
987 821 82
55 821 403
55 987 387
997 729 217
997 811 171
997 860 186
811 729 294
811 860 263
811 997 171
860 811 263
860 997 186
729 811 294
729 997 217
374 126 335
374 828 317
374 839 432
828 126 412
828 374 317
839 374 432
126 374 335
126 828 412
975 94 104
975 604 278
94 604 310
94 975 104
604 94 310
604 975 278
216 290 277
216 485 234
485 216 234
485 290 149
290 216 277
290 485 149
916 725 223
916 730 190
725 916 223
730 916 190
278 135 117
278 587 230
135 278 117
135 587 301
587 135 301
587 278 230
582 44 149
582 814 105
814 44 244
814 582 105
44 582 149
44 814 244
387 984 189
984 387 189
984 731 480
731 984 480
751 275 87
751 324 257
275 324 340
275 751 87
324 275 340
324 751 257
640 387 116
640 594 150
640 878 113
594 387 160
594 640 150
594 878 157
387 594 160
387 640 116
878 594 157
878 640 113
633 509 433
633 805 208
633 883 243
883 509 380
883 633 243
883 805 155
805 633 208
805 883 155
509 633 433
509 883 380
93 555 194
93 704 122
555 93 194
555 704 216
704 93 122
704 555 216
94 642 422
94 790 323
790 94 323
790 642 427
642 94 422
642 790 427
553 506 231
553 701 298
506 553 231
506 701 247
701 506 247
701 553 298
959 703 286
959 891 313
703 891 269
703 959 286
891 703 269
891 959 313
610 110 110
110 610 110
162 96 367
162 722 164
722 96 385
722 162 164
96 162 367
96 722 385
843 519 369
843 757 265
757 519 442
757 843 265
519 757 442
519 843 369
278 454 403
278 561 84
561 278 84
561 454 359
454 278 403
454 561 359
920 656 233
920 840 235
840 656 200
840 920 235
656 840 200
656 920 233
358 317 99
358 887 118
887 317 215
887 358 118
317 358 99
317 887 215
285 222 185
285 398 387
285 547 393
222 285 185
222 398 274
222 547 280
547 222 280
547 285 393
398 222 274
398 285 387
244 873 232
244 929 182
873 244 232
873 929 76
929 244 182
929 873 76
747 724 296
747 901 227
901 724 295
901 747 227
724 747 296
724 901 295
363 239 198
363 260 320
363 262 12
262 239 198
262 260 320
262 363 12
260 262 320
260 363 320
239 262 198
239 363 198
658 272 352
658 898 186
272 658 352
272 898 446
898 272 446
898 658 186
476 910 263
476 985 102
985 476 102
985 910 221
910 476 263
910 985 221
879 9 321
879 992 163
992 9 370
992 879 163
9 879 321
9 992 370
752 155 349
155 752 349
679 751 271
679 851 120
851 679 120
851 751 329
751 679 271
751 851 329
997 772 282
997 965 263
772 965 273
772 997 282
965 772 273
965 997 263
222 519 276
222 635 192
635 222 192
635 519 242
519 222 276
519 635 242
155 383 218
155 480 261
480 155 261
480 383 173
383 155 218
383 480 173
889 396 220
889 615 402
396 615 370
396 889 220
615 396 370
615 889 402
948 199 308
948 214 101
214 199 331
214 948 101
199 214 331
199 948 308
3 174 122
3 836 124
836 3 124
836 174 186
174 3 122
174 836 186
693 444 353
693 865 327
865 444 356
865 693 327
444 693 353
444 865 356
953 246 194
953 665 178
246 665 114
246 953 194
665 246 114
665 953 178
588 6 136
588 866 223
6 588 136
6 866 135
866 6 135
866 588 223
251 628 341
251 998 199
998 251 199
998 628 202
628 251 341
628 998 202
611 478 194
611 650 192
478 611 194
478 650 10
650 478 10
650 611 192
417 93 213
417 145 805
417 564 343
93 417 213
93 564 364
564 93 364
564 417 343
598 23 304
598 684 182
23 598 304
23 684 232
684 23 232
684 598 182
612 341 325
612 479 126
479 612 126
341 612 325
990 161 159
990 650 104
161 650 67
161 990 159
650 161 67
650 990 104
629 34 334
629 553 138
553 34 200
553 629 138
34 553 200
34 629 334
596 285 126
596 837 175
285 596 126
285 837 175
837 285 175
837 596 175
790 658 199
790 774 488
658 774 551
658 790 199
774 658 551
774 790 488
827 582 406
827 804 353
827 888 220
888 582 234
888 804 181
888 827 220
582 827 406
582 888 234
804 827 353
804 888 181
251 214 499
251 617 469
617 251 469
214 251 499
201 547 426
201 772 206
547 201 426
547 772 394
772 201 206
772 547 394
419 162 301
419 290 197
419 374 84
374 162 349
374 290 245
374 419 84
290 374 245
290 419 197
162 374 349
162 419 301
631 251 152
631 679 300
251 631 152
251 679 290
679 251 290
679 631 300
150 266 166
150 613 425
266 150 166
266 613 303
613 150 425
613 266 303
779 440 273
779 859 292
859 440 305
859 779 292
440 779 273
440 859 305
176 703 371
176 819 201
176 830 497
819 176 201
819 703 182
819 830 308
703 176 371
703 819 182
830 176 497
830 819 308
573 266 321
573 998 134
998 266 321
998 573 134
266 573 321
266 998 321
985 358 238
985 612 169
358 612 79
358 985 238
612 358 79
612 985 169
992 185 354
992 416 128
992 483 276
416 185 392
416 483 314
416 992 128
185 416 392
185 992 354
483 416 314
483 992 276
805 440 357
805 779 344
805 935 114
935 779 354
935 805 114
779 805 344
779 935 354
440 805 357
440 935 367
576 480 86
576 823 301
480 576 86
480 823 335
823 480 335
823 576 301
983 790 225
983 865 93
865 790 146
865 983 93
790 865 146
790 983 225
440 270 37
440 891 69
891 270 66
891 440 69
270 440 37
270 891 66
670 517 355
670 891 158
891 517 227
891 670 158
517 670 355
517 891 227
891 644 205
891 716 475
644 716 400
644 891 205
716 644 400
716 891 475
828 73 259
828 966 327
828 981 243
966 73 304
966 828 327
966 981 288
73 828 259
73 966 304
981 828 243
981 966 288
153 194 292
153 635 328
635 153 328
194 153 292
975 266 178
975 878 264
266 975 178
878 975 264
884 106 267
884 210 275
210 106 286
210 884 275
106 210 286
106 884 267
964 135 19
964 656 218
964 820 103
135 656 217
135 820 102
135 964 19
656 135 217
656 964 218
820 135 102
820 964 103
462 40 140
462 96 243
462 425 162
40 96 299
40 425 218
40 462 140
96 40 299
96 462 243
425 40 218
425 462 162
214 324 241
214 503 218
214 567 194
503 214 218
503 324 413
503 567 366
567 214 194
567 503 366
324 214 241
324 503 413
976 703 442
976 772 339
772 703 469
772 891 496
772 976 339
703 772 469
703 976 442
891 772 496
891 976 469
872 128 203
872 423 234
423 128 251
423 872 234
128 423 251
128 872 203
641 175 151
641 612 238
175 612 197
175 641 151
612 175 197
612 641 238
106 598 240
106 772 390
106 997 380
598 106 240
598 772 396
598 997 386
997 106 380
997 598 386
772 106 390
772 598 396
334 235 205
334 729 240
235 334 205
235 729 319
729 235 319
729 334 240
968 154 280
968 441 190
441 154 202
441 968 190
154 441 202
154 968 280
528 760 221
528 888 51
888 528 51
888 760 232
760 528 221
760 888 232
65 100 190
100 65 190
350 456 341
456 350 341
456 907 505
907 456 505
614 235 80
614 260 220
235 260 212
235 614 80
235 814 292
260 235 212
260 614 220
260 814 432
814 235 292
814 260 432
302 676 160
302 694 335
302 887 238
676 302 160
676 694 323
676 887 226
887 302 238
887 676 226
694 302 335
694 676 323
385 44 233
385 590 365
590 44 212
590 385 365
590 938 327
938 44 195
938 590 327
44 385 233
44 590 212
44 938 195
678 496 114
678 871 249
678 987 265
871 496 265
871 678 249
496 678 114
496 871 265
496 987 281
987 496 281
987 678 265
987 871 416
144 460 206
144 513 100
513 144 100
513 460 236
460 144 206
460 513 236
607 687 237
607 873 208
873 561 403
873 607 208
873 687 163
687 561 432
687 607 237
687 873 163
561 687 432
561 873 403
948 440 213
948 650 76
948 804 185
650 440 225
650 804 197
650 948 76
440 650 225
440 804 334
440 948 213
804 440 334
804 650 197
804 948 185
662 613 158
662 779 220
613 662 158
613 779 318
613 854 503
779 613 318
779 662 220
779 854 565
854 613 503
854 779 565
305 499 210
305 630 145
305 843 168
630 305 145
630 499 265
630 843 223
499 305 210
499 630 265
499 843 288
843 305 168
843 499 288
843 630 223
730 65 65
730 554 179
730 915 126
554 65 174
554 730 179
554 915 235
915 65 121
915 554 235
915 730 126
65 554 174
65 730 65
65 915 121
469 235 383
469 701 305
469 871 345
701 235 306
701 469 305
701 871 268
871 235 346
871 469 345
871 701 268
235 469 383
235 701 306
235 871 346
716 556 211
716 679 358
556 679 193
556 716 211
679 556 193
679 716 358
615 182 113
615 476 262
615 969 137
182 476 157
182 615 113
182 969 32
476 182 157
476 615 262
476 969 181
969 182 32
969 476 181
969 615 137
666 268 321
666 593 182
593 73 315
593 268 171
593 666 182
268 593 171
268 666 321
73 268 454
73 593 315
73 666 465
780 454 174
780 471 236
454 471 306
454 780 174
454 969 362
471 454 306
471 780 236
471 969 424
969 454 362
969 471 424
713 700 363
713 890 428
713 981 194
700 713 363
700 890 419
700 981 185
981 700 185
981 713 194
981 890 250
890 700 419
890 713 428
890 981 250
317 298 145
317 573 104
317 631 206
631 298 317
631 317 206
631 573 276
573 298 215
573 317 104
573 631 276
298 317 145
298 573 215
298 631 317
519 618 217
519 828 126
519 873 261
828 519 126
828 618 203
828 873 247
618 519 217
618 828 203
618 873 338
873 519 261
873 618 338
873 828 247
745 478 93
745 725 63
478 725 36
478 745 93
725 478 36
725 745 63
907 513 154
907 534 186
907 713 302
513 534 136
513 713 252
513 907 154
534 513 136
534 713 284
534 907 186
713 513 252
713 534 284
713 907 302
939 58 30
939 141 382
939 528 185
58 141 406
58 528 209
58 939 30
528 58 209
528 141 561
528 939 185
141 58 406
141 528 561
141 939 382
736 613 336
736 742 148
736 884 51
742 613 406
742 736 148
742 884 121
884 613 309
884 736 51
884 742 121
613 736 336
613 742 406
613 884 309
651 469 241
651 909 363
909 469 232
909 651 363
909 737 537
469 651 241
469 737 415
469 909 232
737 469 415
737 909 537
826 297 328
826 684 574
826 687 292
687 297 342
687 826 292
297 684 624
297 687 342
297 826 328
684 297 624
684 826 574
939 337 239
939 667 160
939 975 76
975 337 165
975 667 86
975 939 76
667 337 249
667 939 160
667 975 86
337 667 249
337 939 239
337 975 165
820 176 138
820 325 412
820 607 249
607 176 149
607 820 249
176 325 312
176 607 149
176 820 138
325 176 312
325 820 412
238 10 175
238 110 119
238 241 238
241 10 253
241 110 197
241 238 238
110 10 134
110 238 119
110 241 197
10 110 134
10 238 175
10 241 253
126 27 289
126 442 226
126 684 243
684 27 318
684 126 243
684 442 255
442 27 301
442 126 226
442 684 255
27 126 289
27 442 301
27 684 318
244 112 98
244 894 88
244 992 227
894 112 120
894 244 88
894 992 249
992 112 259
992 244 227
992 894 249
112 244 98
112 894 120
112 992 259
324 112 196
324 363 75
324 664 88
324 844 154
363 112 201
363 324 75
363 664 93
363 844 159
112 324 196
112 363 201
112 664 214
112 844 280
664 112 214
664 324 88
664 363 93
664 844 172
844 112 280
844 324 154
844 363 159
844 664 172
528 201 556
528 341 402
528 737 269
528 901 358
901 341 434
901 528 358
901 737 301
737 201 499
737 341 345
737 528 269
737 901 301
341 201 632
341 528 402
341 737 345
341 901 434
201 341 632
201 528 556
201 737 499
576 6 202
576 819 435
576 887 214
576 967 213
887 6 146
887 576 214
887 819 379
887 967 157
967 6 145
967 576 213
967 819 378
967 887 157
6 576 202
6 819 367
6 887 146
6 967 145
819 6 367
819 576 435
819 887 379
819 967 378
643 175 168
643 325 170
643 612 255
643 928 396
325 175 304
325 612 391
325 643 170
928 175 530
928 612 617
928 643 396
175 325 304
175 643 168
175 928 530
612 325 391
612 643 255
612 928 617
456 822 670
822 456 670
664 937 292
937 664 292
456 664 749
456 937 883
937 936 347
936 937 347
841 529 418
529 841 418
542 350 587
350 542 587
571 40 260
571 309 136
571 603 116
40 309 260
40 571 260
40 603 240
603 40 240
603 571 116
309 40 260
309 571 136
79 731 375
731 79 375
823 496 157
823 747 408
823 901 407
496 747 341
496 823 157
496 901 340
747 496 341
747 823 408
901 496 340
901 823 407
935 703 448
935 772 345
935 828 121
828 772 454
828 935 121
772 828 454
772 935 345
703 828 557
703 935 448
617 413 191
617 814 390
814 413 429
814 617 390
413 617 191
413 814 429
248 529 368
248 642 380
248 683 224
248 873 576
642 248 380
642 529 606
642 683 462
873 248 576
873 529 802
873 683 658
529 248 368
529 642 606
683 248 224
683 642 462
683 873 658
153 483 457
153 638 507
153 960 472
483 153 457
483 638 730
483 960 695
960 153 472
960 483 695
638 153 507
638 483 730
751 222 137
751 885 188
751 925 262
885 222 263
885 751 188
885 925 388
222 751 137
222 885 263
925 751 262
925 885 388
620 216 334
620 521 236
620 981 498
981 216 598
981 521 500
981 620 498
521 620 236
521 981 500
216 620 334
216 981 598
107 230 213
107 585 323
107 597 335
230 107 213
230 585 406
230 597 418
585 107 323
585 230 406
597 107 335
597 230 418
186 647 401
969 647 625
647 186 401
647 969 625
610 94 366
610 332 130
610 975 334
332 94 384
332 610 130
332 975 352
975 332 352
975 610 334
94 332 384
94 610 366
214 851 300
214 910 486
851 214 300
851 664 484
851 910 534
910 214 486
910 851 534
664 851 484
742 557 507
742 716 590
742 891 395
557 716 717
557 742 507
557 891 522
988 742 508
988 891 523
891 557 522
891 742 395
891 988 523
716 557 717
716 742 590
716 988 718
262 302 459
262 660 261
660 262 261
302 262 459
302 660 472
676 660 460
879 883 375
879 893 362
110 883 592
110 893 579
883 110 592
883 879 375
893 110 579
893 879 362
796 55 415
796 958 189
958 55 584
958 796 189
55 796 415
55 958 584
860 272 589
860 618 174
860 658 329
618 272 477
618 658 217
618 860 174
658 618 217
658 860 329
272 618 477
272 860 589
350 513 311
350 779 408
350 937 474
513 350 311
513 937 531
779 350 408
779 937 628
937 350 474
937 513 531
937 779 628
593 238 305
593 938 155
938 238 432
938 593 155
238 593 305
238 938 432
658 529 312
658 598 493
658 684 421
658 760 372
760 529 306
760 598 487
760 658 372
760 684 415
529 598 427
529 658 312
529 684 355
529 760 306
598 529 427
598 658 493
598 760 487
684 529 355
684 658 421
684 760 415
630 100 158
630 466 225
630 684 259
630 872 136
466 100 221
466 630 225
466 684 322
466 872 199
872 100 132
872 466 199
872 630 136
872 684 233
100 466 221
100 630 158
100 872 132
684 466 322
684 630 259
684 872 233
901 462 413
901 611 280
901 619 294
619 611 476
619 901 294
462 509 769
462 611 595
462 901 413
509 462 769
509 619 650
611 462 595
611 619 476
611 901 280
550 141 233
550 385 153
550 497 126
497 141 155
497 550 126
385 141 182
385 550 153
141 385 182
141 497 155
141 550 233
34 286 260
34 701 377
34 705 208
286 34 260
286 553 361
286 701 377
286 705 208
705 34 208
705 286 208
705 553 309
705 701 325
553 286 361
553 705 309
701 34 377
701 286 377
701 705 325
617 93 241
617 454 227
617 704 263
617 745 66
745 454 199
745 617 66
745 704 235
454 93 374
454 617 227
454 704 396
454 745 199
93 454 374
93 617 241
704 454 396
704 617 263
704 745 235
272 10 274
272 442 349
272 686 410
442 10 291
442 272 349
686 10 352
686 272 410
10 272 274
10 442 291
10 686 352
888 174 204
888 230 171
888 374 45
888 397 168
374 174 221
374 230 188
374 397 185
374 888 45
230 374 188
230 397 311
230 888 171
397 230 311
397 374 185
397 888 168
174 230 347
174 374 221
174 888 204
94 485 347
94 730 193
94 871 344
94 992 149
992 94 149
992 730 338
992 871 489
730 94 193
730 485 536
730 992 338
871 94 344
485 94 347
485 730 536
588 189 268
588 662 115
588 839 134
662 189 243
662 588 115
662 838 319
662 839 109
839 189 262
839 588 134
839 662 109
839 838 338
838 662 319
838 839 338
189 588 268
189 662 243
189 839 262
594 161 279
594 509 160
594 650 224
594 741 246
741 161 285
741 509 166
741 594 246
741 650 230
509 161 199
509 594 160
509 650 144
509 741 166
161 509 199
161 594 279
161 741 285
650 509 144
650 594 224
650 741 230
695 266 290
695 305 272
695 823 238
305 266 314
305 613 573
305 695 272
305 823 262
823 266 280
823 305 262
823 613 539
823 695 238
266 305 314
266 695 290
266 823 280
613 305 573
613 823 539
153 550 285
153 615 222
153 840 419
153 846 139
846 153 139
846 550 156
846 615 93
846 840 290
615 153 222
615 550 239
615 840 373
615 846 93
550 153 285
550 615 239
550 846 156
840 153 419
840 615 373
840 846 290
363 154 299
363 888 386
154 363 299
154 582 539
154 804 486
154 888 353
888 154 353
888 363 386
582 154 539
804 154 486
909 513 311
513 135 143
513 656 342
513 820 227
513 909 311
135 513 143
656 513 342
820 513 227
154 259 307
154 387 350
154 418 196
154 731 641
418 154 196
418 259 181
418 387 224
418 731 515
259 154 307
259 387 335
259 418 181
259 731 626
387 154 350
387 259 335
387 418 224
731 154 641
731 259 626
731 418 515
618 107 139
618 509 471
618 805 246
618 883 281
107 618 139
107 805 309
107 883 344
883 107 344
883 618 281
805 107 309
805 618 246
509 618 471
564 287 470
564 441 420
564 619 452
287 441 360
287 564 470
287 619 392
441 287 360
441 564 420
619 287 392
619 564 452
985 235 247
985 396 403
985 617 248
396 235 570
396 985 403
617 235 415
617 985 248
235 396 570
235 617 415
235 985 247
185 40 314
185 96 201
185 462 258
756 40 635
756 462 579
96 185 201
462 185 258
462 756 579
40 185 314
40 756 635
185 341 615
185 612 464
341 185 615
612 185 464
161 483 477
135 117 686
135 483 606
117 135 686
483 135 606
483 161 477
182 79 485
182 553 392
182 573 349
573 79 538
573 182 349
573 553 445
79 182 485
79 573 538
553 182 392
553 573 445
762 272 180
762 273 373
587 272 433
587 273 626
272 587 433
272 762 180
273 587 626
273 762 373
496 106 466
496 275 279
496 884 455
631 106 340
631 275 153
631 884 329
275 496 279
275 631 153
275 884 374
884 275 374
884 631 329
106 496 466
106 631 340
65 301 325
65 678 306
65 958 408
958 65 408
958 301 591
958 678 572
301 65 325
301 958 591
678 65 306
678 958 572
611 466 444
611 865 319
865 466 507
865 611 319
865 660 490
660 865 490
466 611 444
466 865 507
342 341 803
342 939 323
341 342 803
939 342 323
725 342 700
687 177 125
687 285 208
687 557 305
687 837 257
177 285 169
177 557 266
177 687 125
177 837 218
557 177 266
557 285 349
557 687 305
557 837 398
285 177 169
285 557 349
285 687 208
837 177 218
837 557 398
837 687 257
9 175 249
9 189 224
9 722 198
9 854 117
722 9 198
722 175 247
722 189 222
854 9 117
854 175 166
854 189 141
175 9 249
175 722 247
175 854 166
189 9 224
189 722 222
189 854 141
757 354 531
757 413 166
757 885 726
413 354 433
413 757 166
413 885 628
354 413 433
354 757 531
885 413 628
885 757 726
259 3 202
259 81 176
259 174 264
259 175 110
175 3 156
175 81 130
175 174 218
175 259 110
81 3 222
81 174 284
81 175 130
81 259 176
3 81 222
3 175 156
3 259 202
174 81 284
174 175 218
174 259 264
239 419 277
239 529 567
239 557 432
239 667 362
419 239 277
419 529 546
419 557 411
419 667 341
667 239 362
667 419 341
557 239 432
557 419 411
557 529 701
529 239 567
529 419 546
529 557 701
503 55 318
503 480 84
503 872 71
872 55 303
872 480 69
872 503 71
872 953 353
480 55 316
480 503 84
480 872 69
480 953 366
55 480 316
55 503 318
55 872 303
259 503 526
953 480 366
953 872 353
244 423 392
244 572 252
244 872 344
476 423 448
476 572 308
476 872 400
572 244 252
572 423 362
572 476 308
572 872 314
872 244 344
872 476 400
872 572 314
423 244 392
423 476 448
423 572 362
894 610 193
894 705 70
894 796 288
894 988 155
610 705 223
610 894 193
610 988 308
796 705 318
796 894 288
796 988 403
705 610 223
705 796 318
705 894 70
988 610 308
988 796 403
988 894 155
734 86 531
734 177 467
734 406 368
734 678 347
86 678 628
86 734 531
678 734 347
177 734 467
406 734 368
666 278 151
666 350 658
666 418 176
666 628 135
278 418 185
278 628 144
278 666 151
628 278 144
628 350 651
628 666 135
418 278 185
418 350 692
418 666 176
350 666 658
266 387 223
266 594 257
266 878 220
262 266 442
262 387 451
262 878 448
594 262 485
594 266 257
387 262 451
387 266 223
878 262 448
878 266 220
774 556 396
556 40 1001
556 462 945
556 774 396
462 774 609
40 774 665
614 55 548
614 114 294
614 968 173
614 987 227
968 55 431
968 114 177
968 614 173
968 987 110
114 55 552
114 614 294
114 968 177
114 987 231
987 114 231
987 614 227
987 968 110
55 114 552
55 614 548
55 968 431
337 185 260
337 354 223
337 725 320
337 730 287
185 337 260
185 725 386
185 730 353
354 337 223
354 725 349
354 730 316
725 185 386
725 337 320
725 354 349
730 185 353
730 337 287
730 354 316
879 350 412
879 703 669
879 780 501
350 297 545
350 703 837
350 879 412
780 297 634
780 879 501
297 350 545
297 780 634
703 350 837
703 879 669
484 19 278
484 235 402
484 441 295
484 729 437
441 19 179
441 235 303
441 484 295
441 729 338
19 235 286
19 441 179
19 484 278
19 729 321
235 19 286
235 441 303
235 484 402
729 19 321
729 441 338
729 484 437
983 960 242
960 983 242
332 144 302
332 285 161
332 513 332
332 840 213
285 144 271
285 332 161
285 513 301
285 840 182
840 144 323
840 285 182
840 332 213
840 513 353
144 285 271
144 332 302
144 840 323
513 285 301
513 332 332
513 840 353
987 742 261
987 887 355
887 987 355
742 987 261
86 6 302
86 273 445
86 571 428
86 588 390
273 86 445
571 6 396
571 86 428
571 588 484
588 86 390
588 571 484
6 86 302
6 571 396
297 439 30
297 665 128
297 736 54
297 871 15
297 953 208
736 297 54
736 439 56
736 665 154
736 871 41
736 953 234
871 297 15
871 439 17
871 665 115
871 736 41
871 953 195
439 297 30
439 665 130
439 736 56
439 871 17
439 953 210
953 297 208
953 439 210
953 736 234
953 871 195
665 297 128
665 439 130
665 736 154
665 871 115
135 153 455
135 235 475
135 576 305
135 837 176
837 135 176
837 153 305
837 235 325
837 576 155
576 135 305
576 153 434
576 235 454
576 837 155
235 135 475
235 153 604
235 576 454
235 837 325
153 135 455
153 235 604
153 576 434
153 837 305
774 80 326
774 107 285
774 174 468
774 439 403
174 774 468
80 174 578
80 774 326
439 774 403
107 774 285
734 126 472
734 818 404
734 865 522
126 734 472
818 734 404
818 865 594
865 734 522
865 818 594
241 302 31
241 670 381
241 701 270
241 891 253
302 241 31
302 670 360
302 701 249
302 891 232
701 241 270
701 302 249
701 891 471
670 241 381
670 302 360
891 241 253
891 302 232
891 701 471
397 214 360
397 324 429
397 503 532
397 620 347
620 214 375
620 324 444
620 397 347
620 503 547
324 397 429
324 620 444
214 397 360
214 620 375
503 397 532
503 620 547
610 40 342
610 270 388
610 309 210
610 571 218
270 40 526
270 571 402
270 610 388
309 610 210
571 270 402
571 610 218
40 270 526
40 610 342
227 153 423
227 222 287
227 519 337
227 910 374
910 153 607
910 222 471
910 227 374
