988 57 473
642 560 244
162 235 682
86 872 600
529 683 248
901 519 870
354 58 492
840 708 285
238 439 336
350 951 312
199 992 718
553 587 435
397 174 110
441 154 202
337 396 565
888 818 469
742 213 35
780 758 64
617 593 261
907 302 321
758 780 64
135 576 305
686 731 584
235 162 682
456 57 424
55 854 531
595 174 190
312 275 533
658 597 450
742 441 492
899 947 314
676 607 435
174 888 204
820 925 208
547 442 263
363 266 350
874 517 212
174 981 523
823 382 134
618 805 246
772 703 469
350 93 661
382 823 134
397 595 154
497 431 24
615 196 162
266 150 166
687 324 664
676 694 323
595 397 154
613 86 663
854 722 95
656 602 99
342 406 484
6 272 502
819 997 491
573 981 605
988 819 555
112 894 120
40 904 273
980 958 249
214 851 300
698 684 435
841 57 726
631 298 317
72 679 197
844 483 680
107 96 169
213 742 35
144 873 281
665 774 533
655 964 364
836 174 186
534 713 284
174 595 190
350 780 489
576 823 301
474 235 485
960 398 532
988 873 198
602 656 99
805 587 571
971 877 299
363 298 458
98 987 216
476 985 102
650 590 243
587 597 299
462 119 206
679 272 708
174 397 110
988 503 647
725 482 541
111 683 153
214 788 371
730 916 190
216 485 234
259 987 473
420 457 225
376 419 207
985 745 314
873 790 865
572 729 510
571 191 143
195 250 134
967 6 145
6 967 145
260 239 188
655 385 363
882 884 184
805 519 361
23 650 492
620 190 201
772 547 394
190 620 201
650 678 413
350 154 591
509 774 579
942 272 238
521 981 500
73 266 422
615 820 265
662 439 301
823 861 275
746 765 57
111 873 505
572 670 425
406 678 375
416 992 128
354 302 652
953 246 194
988 387 646
135 585 476
679 72 197
814 88 314
734 106 621
484 650 411
779 859 292
508 55 354
786 804 157
58 981 672
765 746 57
519 107 356
462 870 100
222 232 106
655 201 859
872 466 199
597 107 335
981 267 381
374 841 212
948 961 130
553 987 251
731 462 746
949 876 311
588 662 115
200 658 256
981 199 408
454 398 686
162 374 349
876 949 311
203 76 225
757 519 442
774 55 502
685 748 272
174 185 438
73 897 118
76 203 225
363 374 421
872 128 203
496 553 527
201 656 376
839 871 234
550 837 471
298 593 382
879 893 362
757 704 160
76 694 249
114 987 231
700 317 417
748 685 272
628 354 807
410 267 53
325 501 274
417 620 702
620 655 756
793 726 193
618 272 477
516 817 183
828 873 247
823 610 516
141 952 266
726 793 193
93 938 195
460 840 117
398 222 274
840 460 117
227 759 325
272 865 614
865 841 502
725 885 840
987 98 216
117 268 176
219 980 88
373 844 119
283 686 432
679 641 537
587 537 207
664 324 88
148 804 153
678 244 557
162 325 540
553 901 187
566 101 113
655 760 379
866 588 223
26 951 249
454 969 362
145 298 402
290 871 480
398 1 183
509 665 441
101 566 113
612 985 169
225 406 198
684 23 232
419 412 228
610 235 598
716 557 717
270 440 37
275 45 337
106 466 744
988 987 667
336 111 101
818 620 526
650 275 375
990 650 104
324 620 444
513 55 432
520 604 242
654 55 291
587 418 415
454 275 657
55 614 548
612 93 376
398 665 445
241 550 383
57 872 365
444 733 191
655 593 243
486 137 224
519 745 837
894 244 88
734 573 600
45 275 337
704 162 612
654 81 381
683 111 153
479 806 275
363 844 159
818 290 469
731 566 339
679 462 725
571 986 139
594 189 525
512 730 422
21 106 214
774 871 420
884 882 184
222 635 192
350 206 290
994 907 352
571 665 469
762 757 295
703 417 421
237 141 232
259 440 43
745 613 279
890 700 419
239 363 198
126 588 379
630 519 592
370 309 68
948 687 424
727 969 192
248 161 301
93 301 368
275 312 533
772 650 374
953 480 366
285 837 175
272 992 757
803 583 199
231 137 94
915 554 235
137 231 94
856 141 282
241 266 447
154 731 641
227 297 460
244 573 535
57 630 229
891 506 461
86 658 697
137 486 224
694 660 137
133 725 419
780 879 501
175 442 444
693 504 107
865 884 550
266 975 178
929 144 205
238 736 280
961 948 130
11 286 261
324 214 241
641 612 238
354 938 464
547 789 307
550 666 335
789 547 307
656 964 218
57 301 336
18 593 74
722 854 95
926 841 42
890 390 242
614 235 80
988 499 179
244 214 527
790 568 164
110 610 110
965 997 263
598 997 386
981 418 262
968 196 335
507 135 285
774 658 551
413 528 430
614 547 115
837 324 508
958 434 457
210 275 99
383 155 218
568 790 164
819 975 863
817 516 183
871 839 234
456 377 250
317 612 178
552 299 280
774 275 473
629 9 826
962 423 141
58 553 119
141 237 232
117 18 220
572 398 436
290 960 326
958 981 778
251 998 199
670 214 198
988 418 464
988 573 475
679 260 797
938 950 141
302 883 737
564 287 470
189 741 279
341 901 434
663 175 149
250 195 134
135 762 286
879 969 712
285 703 907
864 607 240
988 958 592
421 655 466
651 818 44
607 864 240
904 40 273
844 373 119
593 268 171
469 701 305
620 135 756
425 226 371
610 871 353
114 238 322
440 593 69
590 111 352
126 839 245
444 126 306
871 126 310
698 848 251
729 654 363
567 214 194
442 528 415
760 398 118
604 520 242
55 795 405
509 805 257
800 679 219
398 745 487
679 800 219
759 227 325
454 297 808
848 698 251
517 670 355
935 865 414
230 175 155
419 376 207
503 703 1270
564 441 420
638 153 507
890 544 165
619 420 245
350 275 460
324 519 670
647 182 683
141 301 445
332 55 100
196 947 256
610 506 301
806 479 275
664 910 328
309 893 200
695 666 172
987 871 416
348 319 70
818 997 596
472 830 111
988 506 185
884 107 283
667 557 322
360 12 197
285 742 195
886 439 137
238 728 164
631 884 329
958 189 499
319 348 70
987 260 447
9 674 264
363 556 385
462 554 373
624 267 277
96 956 201
506 871 515
267 624 277
398 667 136
272 239 99
517 891 227
865 660 490
779 350 408
936 513 184
434 503 590
840 883 665
613 496 530
651 106 255
49 413 243
844 553 390
86 665 228
859 779 292
302 772 682
865 374 291
823 747 408
175 259 110
413 49 243
272 354 796
18 967 113
638 202 175
285 596 126
728 950 127
324 503 413
675 694 93
884 58 526
202 638 175
823 695 238
670 80 202
593 4 221
684 106 422
350 742 523
341 421 239
135 655 273
196 650 451
534 805 389
693 7 125
884 441 613
654 462 559
100 466 221
630 266 459
556 496 295
873 519 261
275 638 1301
23 442 487
421 341 239
679 887 506
700 132 193
189 878 682
151 566 165
815 325 293
679 189 489
107 563 249
762 908 218
674 9 264
40 185 314
266 620 641
12 360 197
566 151 165
58 814 183
841 111 715
485 216 234
892 102 260
34 230 252
262 363 12
325 112 578
819 811 320
992 112 259
66 309 122
899 745 507
969 727 192
114 418 347
953 439 210
993 55 274
984 387 189
406 177 157
175 325 304
230 587 717
506 107 595
958 65 408
413 117 361
238 950 291
338 230 148
684 630 259
433 227 181
227 433 181
55 513 432
466 23 554
387 878 109
169 780 289
960 983 242
969 380 240
841 73 765
496 73 241
867 556 200
948 440 213
658 901 805
665 196 224
935 772 345
901 724 295
556 867 200
55 81 284
791 91 316
135 884 580
756 425 417
259 272 476
226 425 371
117 615 315
695 948 290
267 521 119
930 878 199
901 553 187
547 968 288
960 374 227
854 187 375
597 587 299
658 200 256
419 162 301
877 971 299
790 865 146
642 111 309
937 664 292
987 496 281
354 612 499
865 668 232
658 734 764
214 244 527
655 421 466
476 615 262
613 593 294
484 942 426
509 883 380
668 865 232
619 387 400
775 573 201
298 889 211
650 272 421
262 983 224
342 885 140
434 610 173
843 630 223
509 563 285
613 662 158
107 266 579
448 219 69
462 40 140
983 262 224
350 884 644
187 392 188
571 610 218
6 437 310
73 387 293
650 948 76
6 819 367
730 154 391
837 576 155
839 189 262
960 199 494
363 114 443
907 734 192
910 701 759
885 751 188
960 582 134
437 6 310
820 572 219
878 496 207
216 267 217
189 466 345
687 162 627
751 885 188
441 650 310
885 58 493
259 884 491
278 418 185
774 723 92
196 241 158
560 642 244
106 772 390
774 214 693
665 547 372
272 387 649
597 619 179
462 553 557
883 734 266
730 10 465
112 135 174
734 883 266
260 23 878
74 208 188
58 884 526
846 854 247
260 262 320
870 119 106
88 413 115
559 878 60
557 177 266
119 870 106
297 206 255
479 341 277
370 40 192
569 587 162
442 547 263
582 814 105
704 612 254
557 742 507
780 454 174
539 65 284
587 569 162
374 774 475
222 851 466
194 235 312
350 106 611
655 506 607
819 610 707
658 679 710
232 925 231
796 434 268
239 272 99
860 997 186
981 865 778
745 162 847
135 112 174
201 937 132
805 988 538
593 18 74
781 774 420
612 454 484
658 171 351
23 230 586
849 661 231
648 239 192
617 666 411
925 679 533
841 926 42
238 610 229
660 262 261
756 765 131
434 506 128
454 272 624
55 613 540
421 474 163
830 472 111
483 117 226
387 6 462
701 871 268
93 417 213
185 521 158
266 840 743
686 442 79
189 442 526
734 440 473
976 703 442
566 731 339
114 695 485
775 261 172
573 844 186
731 686 584
700 112 739
948 969 556
881 716 335
899 294 185
441 572 392
795 958 179
654 811 69
884 843 688
294 899 185
887 354 488
135 483 606
760 546 199
189 114 639
260 468 224
679 729 787
683 23 371
783 253 198
907 196 403
839 374 432
387 55 432
968 441 190
546 760 199
603 309 108
587 650 466
663 189 124
272 734 702
840 201 378
618 828 203
44 540 144
174 371 360
462 731 746
230 888 171
540 44 144
454 471 306
423 716 510
701 517 244
24 759 164
966 73 304
759 24 164
341 754 277
608 664 310
883 805 155
891 440 69
270 603 286
992 554 517
887 539 190
154 804 486
456 793 302
466 745 398
135 843 318
958 350 468
871 701 268
80 185 148
97 48 259
106 21 214
793 456 302
177 272 390
148 440 181
117 413 361
610 462 395
418 374 336
736 953 234
887 745 196
942 57 438
660 694 137
476 572 308
259 988 418
619 441 34
513 992 472
987 58 322
418 958 554
153 901 750
650 725 46
440 148 181
684 65 337
86 175 606
655 302 536
876 936 249
483 402 102
678 93 517
262 865 317
91 791 316
244 894 88
6 887 146
162 620 774
55 993 274
154 814 593
804 786 157
899 309 303
734 86 531
679 19 466
106 528 669
836 81 98
960 317 299
224 509 241
232 885 157
693 837 196
885 939 463
631 679 300
975 841 299
884 57 447
230 34 252
161 990 159
363 947 574
81 836 98
844 628 254
554 679 749
898 649 140
199 418 474
841 683 666
851 222 466
992 259 402
700 960 268
654 197 194
251 840 668
885 342 140
162 290 218
426 725 255
938 611 273
964 656 218
582 23 649
253 154 398
501 325 274
872 7 180
725 916 223
871 655 400
687 654 386
40 370 192
519 757 442
499 882 216
819 745 575
997 687 626
425 96 105
830 467 206
613 266 303
241 177 369
901 4 360
664 404 139
297 114 412
27 177 612
418 542 105
865 968 612
467 830 206
385 497 49
440 859 305
926 735 183
272 238 449
286 11 261
73 550 363
587 695 553
23 58 613
40 655 795
503 480 84
358 385 184
398 309 230
107 729 546
177 557 266
110 620 394
309 398 230
506 434 128
884 820 478
620 110 394
841 519 395
342 942 349
772 789 87
619 576 416
937 250 151
871 73 310
462 244 290
73 55 457
503 620 547
777 34 198
354 275 359
650 418 418
497 385 49
774 509 579
593 238 305
704 841 439
250 937 151
44 638 290
302 112 543
272 686 410
317 132 224
278 561 84
564 709 265
10 581 108
210 884 275
638 44 290
772 687 664
363 418 466
612 341 325
871 593 379
298 629 287
664 844 172
915 263 207
694 76 249
828 772 454
630 823 407
519 658 434
772 976 339
942 342 349
670 423 63
787 86 224
266 615 521
741 189 279
175 298 520
615 398 539
413 88 115
593 117 236
779 865 768
734 846 226
664 112 214
588 135 326
483 612 653
763 741 212
742 144 336
515 814 159
573 775 201
117 593 236
948 654 246
819 873 357
960 700 268
617 745 66
901 57 753
814 515 159
189 585 315
888 655 611
468 114 200
117 483 226
911 838 274
385 440 131
729 334 240
687 177 125
585 217 130
385 93 127
217 585 130
788 214 371
7 504 56
615 114 581
887 742 164
572 325 393
779 513 297
947 325 270
772 679 613
93 611 310
439 886 137
703 828 557
152 117 191
302 354 652
199 495 80
495 199 80
610 620 504
654 819 389
630 695 417
716 966 108
837 135 176
885 6 480
513 819 566
287 547 98
304 585 191
154 607 458
951 350 312
585 304 191
324 925 519
145 748 399
804 582 133
93 975 637
910 324 416
716 881 335
58 614 95
107 73 501
613 150 425
865 854 409
423 962 141
947 666 142
752 600 243
454 872 366
263 915 207
6 762 514
830 462 238
483 899 691
425 756 417
660 319 299
878 975 264
593 126 241
639 873 63
656 920 233
462 112 322
235 396 570
910 635 279
241 454 576
819 774 859
873 639 63
661 849 231
839 588 134
80 670 202
997 174 138
975 884 507
573 837 615
474 552 371
275 285 409
199 587 237
440 935 367
554 186 238
260 742 530
819 573 656
819 887 379
141 856 282
587 230 717
107 371 177
201 474 556
716 556 211
114 509 559
986 328 85
275 398 237
283 869 309
814 654 558
328 986 85
871 374 463
275 350 460
483 9 586
649 272 306
722 663 98
684 851 279
557 687 305
762 582 580
235 679 752
392 187 188
553 844 390
891 670 158
658 729 562
214 259 357
710 337 164
840 430 179
337 710 164
841 374 212
556 887 313
272 442 349
620 238 513
923 937 152
714 199 269
612 479 126
695 454 464
730 485 536
267 981 381
597 84 198
162 679 613
687 873 163
650 745 103
937 923 152
966 423 412
214 948 101
418 454 588
55 981 575
612 528 496
724 496 45
854 968 651
189 839 262
620 567 181
439 185 533
462 619 293
951 542 275
496 724 45
948 214 101
23 582 649
953 355 196
517 874 212
515 88 155
182 554 208
620 610 504
968 309 466
641 679 537
870 462 100
214 888 467
713 981 194
135 507 285
820 135 102
988 305 389
27 484 301
460 513 236
593 385 126
3 365 483
997 811 171
684 698 435
153 907 503
332 285 161
266 823 280
865 992 618
588 114 371
58 554 351
552 630 149
629 428 120
630 552 149
528 385 667
814 617 390
739 482 287
86 647 223
27 275 601
418 666 176
854 613 503
175 55 414
617 519 799
117 152 191
189 665 554
780 169 289
631 573 276
804 148 153
594 878 157
873 618 338
484 609 263
713 729 550
658 958 539
665 161 560
499 988 179
454 610 709
615 815 146
891 703 269
253 783 198
936 876 249
44 814 244
88 515 155
610 901 335
144 332 302
725 939 461
865 363 329
593 938 155
162 417 501
252 550 170
174 588 103
434 374 120
517 701 244
687 107 548
40 618 542
582 938 344
731 259 626
154 302 183
174 865 450
154 9 500
628 542 64
734 153 365
55 230 309
615 476 262
161 650 67
725 133 419
406 889 152
241 86 484
55 968 431
644 742 190
241 196 158
889 406 152
259 454 425
79 885 300
630 466 225
442 259 349
354 679 660
776 510 246
967 271 197
865 94 469
554 893 215
106 210 286
9 230 372
510 776 246
55 374 497
736 613 336
745 660 25
285 665 482
260 648 314
462 910 577
745 611 287
309 66 122
582 948 318
480 55 316
773 155 287
58 199 653
615 910 525
107 259 414
908 762 218
155 773 287
992 894 249
687 262 824
597 338 270
865 981 778
374 513 637
745 478 93
684 687 450
925 232 231
997 820 244
111 642 309
158 386 122
386 158 122
613 695 415
169 758 225
556 987 357
272 649 306
474 421 163
869 283 309
665 241 382
992 655 402
805 665 305
654 948 246
970 729 177
618 904 269
324 913 100
608 851 174
929 244 182
201 920 143
913 324 100
884 185 640
201 421 393
686 272 410
160 248 238
219 470 170
731 79 375
532 920 98
920 532 98
153 185 370
985 298 482
189 838 100
838 189 100
588 354 609
872 684 233
162 462 456
230 338 148
48 97 259
185 899 769
986 571 139
992 745 258
395 298 128
695 471 158
776 354 399
939 337 239
126 272 418
469 270 214
298 395 128
630 106 681
454 601 339
73 268 454
752 701 468
266 873 616
484 325 598
601 454 339
155 752 349
819 865 793
973 110 290
251 144 345
416 660 115
248 160 238
272 259 476
665 73 293
332 975 352
878 930 199
380 969 240
701 638 136
733 444 191
547 285 393
776 885 594
678 745 496
478 611 194
387 441 434
883 309 401
442 199 550
968 693 285
650 556 247
394 522 98
94 790 323
981 966 288
174 997 138
324 462 518
910 519 521
695 214 391
872 576 155
992 975 253
145 889 345
854 958 625
27 752 352
40 883 661
398 805 419
430 840 179
512 647 273
885 354 201
259 650 268
942 406 515
454 6 468
281 107 39
772 23 700
948 804 185
522 394 98
259 729 435
194 921 150
988 434 135
612 704 254
841 441 803
921 194 150
417 93 213
312 752 284
480 383 173
898 272 446
251 55 747
842 729 137
214 506 411
564 144 88
843 135 318
398 86 217
144 564 88
496 823 157
398 893 186
750 145 709
180 319 121
94 485 347
249 843 123
301 550 416
319 180 121
423 476 448
686 381 253
587 387 322
981 244 545
189 958 499
846 196 69
298 177 520
734 189 614
416 38 110
145 411 568
381 686 253
86 114 728
837 556 524
667 841 213
462 266 251
387 640 116
413 617 191
865 935 414
196 846 69
266 844 373
503 174 642
65 678 306
484 248 274
582 650 330
865 58 404
397 214 360
873 729 745
411 145 568
112 374 220
454 214 267
102 892 260
111 336 101
885 958 660
519 354 973
483 960 695
854 96 480
997 135 346
981 354 617
219 448 69
703 615 498
260 582 537
967 418 213
338 597 270
658 820 387
573 174 556
871 528 666
650 947 558
694 675 93
958 55 584
293 730 303
851 958 143
725 426 255
865 177 935
107 281 39
888 827 220
841 398 349
987 872 383
58 141 406
131 808 255
273 571 303
6 987 356
57 785 171
928 292 345
745 235 481
916 725 223
639 929 13
987 235 307
572 910 571
610 823 516
324 58 622
509 224 241
891 976 469
819 572 282
374 819 709
987 285 456
478 725 36
521 3 158
617 762 594
678 987 265
975 332 352
227 446 349
572 667 560
969 454 362
582 745 361
3 521 158
378 397 218
552 474 371
185 665 799
600 752 243
581 686 244
363 239 198
266 275 637
722 96 385
189 772 690
412 419 228
805 987 452
841 891 805
550 975 691
416 899 377
241 772 695
514 126 215
86 483 822
80 229 238
947 272 551
503 901 314
861 823 275
483 114 612
779 613 318
808 131 255
441 484 295
942 158 220
58 185 529
888 760 232
557 596 223
141 939 382
471 948 132
158 942 220
385 612 263
780 583 142
865 693 327
820 506 628
419 704 311
446 227 349
854 846 247
820 960 561
737 655 360
238 114 322
214 251 499
65 100 190
6 262 658
550 745 170
937 201 132
80 107 267
872 182 557
454 762 444
985 615 364
666 947 142
686 642 629
840 871 436
684 598 182
723 781 328
298 884 646
938 126 86
187 854 375
975 387 373
590 683 199
772 201 206
683 590 199
766 951 260
620 981 498
781 723 328
843 249 123
38 416 110
729 811 294
298 960 444
550 398 564
462 774 577
153 519 570
219 301 254
942 643 227
557 667 322
628 998 202
687 528 841
185 745 449
57 884 447
19 334 81
968 571 602
299 552 280
334 19 81
947 55 545
887 317 215
998 873 295
465 177 342
762 660 530
873 988 198
509 111 571
385 302 361
84 597 198
628 111 408
406 939 807
55 3 506
185 858 309
556 418 221
117 734 448
590 650 243
107 553 662
302 154 183
542 350 587
642 568 263
251 199 716
251 285 616
353 853 255
100 684 147
687 363 669
840 865 762
759 446 352
581 10 108
822 937 213
684 100 147
534 173 280
57 23 720
853 353 255
153 947 464
678 185 724
485 688 345
309 883 401
519 235 516
55 508 354
760 818 237
865 805 528
613 189 401
688 871 342
547 772 394
818 162 687
981 114 569
735 926 183
442 564 635
992 416 128
469 235 383
704 419 311
988 992 404
772 658 797
583 803 199
807 613 281
695 654 536
723 774 92
819 185 823
65 915 121
998 628 202
236 227 305
325 815 293
976 772 339
615 734 319
387 587 322
6 174 239
275 251 305
615 275 489
227 236 305
687 489 282
86 787 224
287 614 23
663 854 17
185 174 438
587 550 716
489 687 282
354 650 395
442 519 252
619 597 179
571 440 439
678 301 149
762 873 488
617 788 341
519 820 449
154 285 417
214 174 470
788 617 341
162 298 713
742 801 38
93 745 209
997 654 240
86 729 683
939 975 76
801 742 38
550 252 170
6 111 322
887 576 214
521 216 230
980 219 88
126 350 610
272 185 833
110 973 290
248 609 249
324 628 408
839 126 245
837 177 218
6 573 423
114 821 149
175 509 442
821 114 149
585 241 320
126 554 264
374 126 335
406 225 198
194 153 292
528 655 600
173 534 280
208 74 188
774 553 714
572 607 230
981 713 194
899 40 563
55 114 552
758 169 225
178 925 191
910 679 654
71 873 317
410 216 164
528 612 496
550 55 537
374 958 577
804 888 181
439 80 385
939 885 463
216 410 164
465 406 243
397 378 218
417 162 501
175 189 259
109 830 205
126 938 86
619 287 392
739 341 357
729 441 338
201 547 426
981 496 359
157 273 206
9 350 733
981 665 411
883 107 344
830 109 205
573 745 394
611 126 201
544 890 165
550 840 224
285 441 434
9 883 696
615 846 93
512 969 352
398 113 29
829 240 214
302 462 505
889 615 402
950 238 291
114 454 437
838 585 215
441 619 34
655 571 671
988 772 769
113 398 29
638 752 484
476 910 263
40 968 726
107 58 644
341 739 357
837 865 523
687 772 664
854 93 400
275 887 468
324 664 88
612 57 466
613 807 281
650 509 144
805 534 389
111 325 253
958 795 179
975 337 165
162 272 381
96 425 105
496 593 381
442 745 326
298 553 425
729 484 437
272 126 418
599 519 273
650 478 10
887 854 387
620 729 627
885 841 777
635 910 279
387 509 320
230 483 346
86 398 217
752 312 284
554 958 582
819 6 367
649 898 140
18 117 220
554 275 462
713 199 214
958 824 178
607 676 435
199 713 214
620 185 394
499 305 210
185 992 354
920 656 233
924 928 169
112 244 98
34 777 198
398 572 436
235 484 402
745 185 449
479 64 166
94 731 771
439 730 479
64 479 166
267 410 53
955 700 133
161 248 301
889 298 211
553 302 149
607 687 237
107 587 634
583 165 368
275 553 539
185 285 696
223 776 396
230 55 309
776 223 396
371 439 295
774 454 723
729 135 393
593 73 315
88 814 314
415 762 387
230 363 557
942 161 713
154 854 617
9 130 306
983 865 93
9 992 370
820 519 449
272 273 219
819 199 546
130 9 306
251 114 571
932 394 172
506 988 185
298 519 740
17 354 20
550 981 481
397 324 429
394 932 172
484 298 639
480 953 366
811 494 162
152 593 45
86 553 529
593 967 187
494 811 162
114 883 644
779 936 281
93 854 400
680 155 329
901 155 275
811 654 69
650 734 489
153 910 607
780 206 379
259 3 202
462 894 202
610 266 453
235 441 303
731 541 324
872 55 303
603 370 48
701 302 249
466 865 507
360 396 363
174 762 405
529 926 376
480 155 261
40 665 593
541 731 324
317 985 337
617 613 213
513 593 300
990 161 159
302 298 298
920 201 143
73 259 321
871 439 17
846 907 364
938 44 195
107 734 610
904 618 269
126 514 215
871 865 642
371 174 360
444 865 356
854 196 316
214 679 420
667 398 136
10 442 291
628 942 185
610 418 575
969 686 831
126 887 110
418 441 398
513 573 380
898 658 186
509 741 166
950 938 141
837 398 388
483 298 715
216 290 277
363 350 859
354 730 316
162 734 732
390 890 242
199 714 269
509 387 320
979 760 201
114 873 481
760 979 201
497 141 155
297 684 624
828 716 435
873 561 403
354 17 20
947 275 123
97 235 315
655 620 756
824 958 178
185 611 616
238 887 456
700 955 133
554 947 384
679 910 654
928 924 169
214 654 347
354 350 611
259 418 181
975 572 646
701 553 298
588 613 273
275 210 99
550 272 427
441 235 303
887 556 313
568 642 263
266 298 672
757 354 531
849 266 254
554 805 571
582 620 749
418 251 440
171 587 200
885 222 263
756 809 200
751 925 262
201 585 169
587 171 200
745 975 548
947 643 100
728 238 164
860 729 233
587 484 323
650 656 258
112 363 201
506 463 276
23 162 808
439 297 30
572 615 208
947 615 376
6 703 479
341 528 402
440 805 357
550 678 565
177 837 218
429 572 308
752 638 484
951 26 249
763 805 242
235 135 475
950 728 127
164 796 153
246 953 194
285 244 529
596 557 223
499 843 288
456 350 341
656 820 121
571 273 303
960 572 542
796 164 153
925 820 208
483 137 340
177 285 169
404 664 139
57 706 82
86 667 341
189 722 222
967 18 113
553 576 389
444 818 238
654 583 495
406 342 484
275 23 480
135 679 362
780 484 225
981 890 250
820 885 596
706 57 82
942 939 672
214 814 413
947 57 311
962 128 110
585 820 380
666 268 321
114 260 316
128 962 110
418 658 439
564 614 493
137 483 340
617 406 549
260 981 757
479 185 338
485 871 331
240 829 214
297 439 30
324 506 464
789 772 87
620 679 795
516 613 297
286 423 146
513 534 136
709 564 265
872 196 355
266 849 254
521 774 608
854 663 17
567 620 181
954 820 93
94 992 149
975 840 565
496 901 340
385 887 302
385 573 387
442 667 70
482 739 287
268 117 176
615 712 276
175 612 197
901 576 316
985 613 461
910 659 191
262 660 261
659 910 191
907 994 352
398 888 350
114 613 694
57 576 512
814 960 128
177 678 474
882 499 216
654 729 363
132 317 224
251 615 586
925 222 257
951 766 260
878 266 220
748 145 399
553 298 425
239 262 198
235 194 312
117 528 305
58 397 223
251 819 652
107 884 283
729 842 137
55 154 272
573 302 449
916 354 126
741 594 246
354 655 441
820 954 93
730 293 303
297 969 845
947 679 481
547 235 195
640 262 335
482 341 644
662 613 158
262 640 335
185 729 549
398 651 133
608 910 360
687 878 376
678 573 371
65 539 284
214 650 177
786 582 210
785 57 171
988 774 490
732 519 148
519 732 148
703 946 249
428 629 120
617 162 875
799 162 283
716 679 358
790 642 427
154 987 390
774 781 420
822 793 368
94 730 193
888 397 168
398 573 546
6 496 393
513 363 457
823 576 301
222 302 188
793 822 368
969 512 352
363 161 83
114 947 455
519 599 273
695 174 217
324 957 218
987 763 210
354 992 383
926 529 376
413 762 461
341 482 644
984 731 480
951 760 349
878 559 60
774 112 495
765 756 131
375 186 156
585 189 315
96 722 385
713 700 363
186 375 156
153 576 434
809 756 200
805 613 662
174 695 217
686 581 244
772 196 775
948 650 76
542 951 275
679 958 263
402 483 102
215 100 77
747 901 227
418 872 409
819 657 300
189 4 260
657 819 300
628 174 220
496 272 397
841 272 248
417 4 431
952 141 266
772 840 584
704 454 396
68 456 182
155 680 329
442 58 237
466 96 233
496 556 295
929 639 13
150 613 425
678 285 584
483 230 346
655 934 190
206 350 290
667 528 345
871 112 520
858 483 231
244 554 365
687 650 500
154 253 398
466 180 195
454 114 437
650 804 197
350 456 341
180 466 195
588 695 142
643 57 211
57 643 211
503 214 218
465 86 406
126 374 335
615 872 517
251 854 282
454 686 713
86 465 406
106 884 267
872 387 185
272 892 42
942 177 672
901 747 227
519 843 369
406 91 325
655 745 540
260 679 797
248 484 274
91 406 325
610 27 740
658 731 336
730 259 171
112 590 279
6 418 345
470 219 170
762 291 233
454 484 399
620 818 526
94 604 310
511 729 170
291 762 233
891 557 522
73 872 468
742 644 190
811 997 171
760 651 193
573 969 381
760 350 163
144 879 379
553 556 543
456 497 242
967 117 333
463 967 349
55 553 572
162 260 470
1 398 183
110 883 592
819 385 611
611 901 280
165 583 368
396 617 177
385 590 365
934 655 190
86 365 211
235 55 628
174 992 570
110 792 413
185 479 338
872 86 600
762 174 405
174 230 347
561 131 336
474 587 244
177 354 877
365 667 130
966 828 327
131 561 336
947 196 256
865 658 345
528 760 221
772 73 713
948 582 318
241 496 554
772 987 736
556 756 366
742 883 486
756 556 366
177 225 297
666 617 411
476 74 164
100 65 190
385 550 153
837 734 494
266 820 1083
654 997 240
513 997 471
74 476 164
10 227 437
603 270 286
772 244 526
872 58 491
175 663 149
620 86 759
439 107 176
613 516 297
722 175 247
55 796 415
135 964 19
554 439 658
222 398 274
884 238 331
958 980 249
906 899 284
354 939 462
23 684 232
899 906 284
634 547 244
23 958 350
442 418 397
286 966 266
890 240 244
537 587 207
324 387 527
240 890 244
58 55 558
273 157 206
41 145 268
507 300 248
792 883 179
259 571 408
695 324 632
665 246 114
610 55 230
145 41 268
609 942 163
73 350 868
644 891 205
73 439 325
441 841 803
729 970 177
981 897 102
873 929 76
683 841 666
418 199 474
837 86 549
141 493 379
695 655 503
929 873 76
4 747 133
275 734 312
665 647 205
747 4 133
678 612 479
553 162 633
550 613 137
354 185 77
7 196 175
967 887 157
928 325 464
383 227 476
4 353 429
873 658 555
687 851 195
353 4 429
175 854 166
503 141 341
871 613 377
141 503 341
981 828 243
261 775 172
651 760 193
686 283 432
992 434 269
23 851 401
762 938 486
6 27 196
10 752 144
564 145 674
119 462 206
953 118 325
890 112 320
23 655 562
519 86 263
968 893 266
434 958 457
396 971 406
729 199 513
587 474 244
40 96 299
665 442 504
901 528 358
441 679 645
135 572 321
484 780 225
971 396 406
946 703 249
884 499 400
967 503 691
183 703 397
499 884 400
259 837 402
439 662 301
398 235 470
736 297 54
225 177 297
712 615 276
925 178 191
509 114 559
572 365 430
593 960 404
745 259 356
212 988 163
185 442 579
519 805 361
988 212 163
556 716 211
960 654 432
129 949 194
916 730 190
497 301 290
780 948 368
949 129 194
618 40 542
840 94 597
960 790 467
457 420 225
177 665 313
872 985 502
703 959 286
805 244 295
23 354 631
899 416 377
762 415 387
300 507 248
462 107 412
551 324 255
483 416 314
324 551 255
297 826 328
521 80 282
629 483 428
966 670 439
363 509 282
199 650 384
820 325 412
50 779 197
695 587 553
655 341 705
135 656 217
556 594 263
298 317 145
779 50 197
620 374 532
189 262 1010
884 275 374
387 154 350
186 947 146
947 186 146
992 665 535
821 987 82
483 872 666
947 6 336
7 872 180
938 354 464
851 608 174
937 822 213
550 153 285
897 981 102
292 928 345
650 483 544
374 185 560
275 655 290
378 394 353
854 175 166
729 819 614
394 378 353
958 466 550
350 760 163
593 152 45
620 106 743
144 910 698
618 107 139
587 892 391
760 275 297
960 394 195
547 441 458
655 454 688
590 23 570
222 885 263
588 363 490
394 960 195
106 350 611
354 916 126
4 417 431
586 96 294
873 998 295
96 586 294
928 641 379
953 665 178
272 658 352
58 840 671
309 968 466
655 737 360
987 587 520
441 553 387
421 201 393
462 611 595
865 818 594
324 513 452
734 907 192
201 528 556
958 613 378
993 795 131
185 466 434
27 942 201
795 993 131
406 396 372
489 654 104
885 232 157
272 898 446
693 444 353
214 454 267
763 534 413
703 183 397
571 588 484
493 141 379
872 679 363
132 700 193
302 620 622
948 471 132
155 297 544
285 550 406
337 725 320
199 819 546
631 317 206
572 429 308
285 57 475
360 235 207
417 199 103
820 805 478
665 958 709
396 337 565
665 837 374
730 915 126
751 691 240
883 792 179
235 199 478
992 841 552
691 751 240
792 110 413
483 175 501
135 201 593
873 71 317
650 185 432
734 285 636
18 556 121
413 885 628
456 68 182
260 363 320
534 763 413
4 662 479
86 837 549
161 509 199
324 397 429
235 985 247
219 958 337
958 219 337
248 628 337
417 266 313
573 553 445
398 547 372
86 734 531
572 185 633
610 887 328
734 422 211
191 571 143
695 960 476
665 947 344
441 709 155
901 418 449
462 425 162
654 969 564
985 612 169
667 365 130
851 687 195
287 709 205
959 703 286
920 840 235
709 287 205
230 350 566
658 987 671
238 86 406
822 456 670
107 731 609
795 55 405
654 489 104
987 262 537
271 967 197
272 266 603
298 631 317
655 843 399
612 251 536
374 135 394
309 603 108
398 634 238
634 398 238
547 398 372
325 27 575
547 634 244
238 297 334
462 830 238
272 484 558
593 259 38
966 286 266
975 604 278
966 716 108
821 55 403
893 309 200
272 942 238
650 238 521
871 958 598
420 462 364
86 442 411
617 93 241
259 55 460
678 298 412
354 262 604
716 286 364
506 9 622
891 259 72
286 716 364
650 594 224
985 476 102
598 23 304
126 244 341
396 360 363
177 260 610
155 967 187
617 360 208
854 871 587
107 135 473
610 796 211
851 885 517
189 185 665
992 350 572
617 396 177
838 593 61
360 617 208
665 554 436
259 230 201
416 745 130
111 509 571
557 841 283
841 557 283
521 185 158
841 667 213
174 947 227
241 117 449
663 722 98
229 80 238
550 588 393
229 371 148
334 199 273
496 695 371
567 324 263
958 483 809
301 678 149
981 135 524
371 80 218
100 215 77
371 229 148
503 227 733
484 272 558
80 371 218
988 144 327
873 244 232
572 958 765
947 958 595
317 700 417
593 214 383
916 185 163
185 354 77
804 440 334
844 112 280
363 262 12
185 916 163
572 3 317
429 3 361
185 772 614
647 665 205
290 162 218
823 988 651
466 185 434
762 704 331
3 429 361
3 572 317
888 214 467
573 998 134
571 603 116
484 185 583
818 106 217
734 126 472
818 651 44
106 651 255
772 615 606
667 519 182
106 818 217
687 679 315
790 528 327
446 759 352
650 958 488
871 638 319
285 840 182
609 628 88
266 658 538
135 244 272
658 819 726
341 342 803
760 951 349
425 40 218
189 175 259
189 663 124
153 40 468
260 942 327
286 670 173
423 286 146
423 670 63
417 820 770
135 872 271
86 6 302
654 519 723
587 658 551
894 462 202
670 286 173
731 325 911
618 820 232
640 878 113
998 144 146
547 287 98
987 687 465
547 614 115
614 287 23
745 416 130
298 615 613
117 967 333
866 571 261
612 275 537
804 650 197
660 416 115
660 745 25
73 987 291
805 865 528
177 823 600
887 819 379
298 145 402
162 992 393
497 456 242
266 58 284
953 259 206
889 145 345
960 701 433
6 354 634
658 106 733
9 483 586
581 442 183
199 658 788
820 840 321
679 772 613
442 581 183
239 260 188
420 611 231
442 686 79
678 126 396
830 894 374
241 878 347
483 610 525
619 709 187
837 439 406
709 441 155
106 251 492
480 297 499
709 619 187
235 97 315
553 573 445
235 360 207
528 117 305
703 297 502
528 413 430
418 628 99
155 553 348
615 572 208
838 911 274
553 34 200
615 947 376
513 779 297
513 936 184
425 774 447
273 272 219
230 576 655
550 708 151
454 561 359
936 779 281
506 701 247
799 290 179
553 324 544
262 239 198
611 185 616
266 987 309
309 370 68
660 466 373
290 799 179
354 615 605
442 235 366
162 799 283
628 418 99
374 617 658
542 418 105
628 58 317
251 887 573
332 94 384
745 23 575
658 947 575
884 106 267
873 607 208
370 603 48
968 260 393
542 628 64
628 609 88
613 398 701
960 214 287
55 118 275
576 619 416
754 341 277
214 528 518
215 684 178
774 790 488
301 57 336
106 760 448
325 679 622
981 745 618
888 275 529
828 981 243
772 235 589
23 126 475
341 479 277
610 434 173
620 417 702
893 398 186
387 619 400
55 992 256
222 519 276
823 55 651
497 377 128
377 456 250
377 497 128
141 324 633
655 650 457
230 374 188
642 873 438
873 111 505
872 837 251
804 154 486
107 189 487
873 642 438
942 609 163
695 462 864
554 730 179
572 423 362
820 658 387
840 656 200
174 58 227
819 513 566
942 628 185
585 338 258
585 597 384
871 272 556
6 942 321
519 988 459
988 454 593
640 387 116
290 865 177
278 650 265
114 439 414
266 655 545
338 585 258
287 619 392
597 585 384
58 260 315
547 201 426
983 960 242
350 610 619
406 942 515
468 260 224
615 550 239
687 762 517
260 114 316
722 9 198
613 305 573
107 554 623
114 468 200
667 235 334
871 135 430
667 442 70
507 483 321
891 959 313
418 576 426
819 960 662
235 667 334
107 57 596
779 935 354
431 385 51
610 975 334
958 222 609
528 865 195
431 497 24
385 431 51
915 65 121
892 587 391
474 901 358
177 406 157
884 665 205
843 499 288
894 830 374
44 590 212
582 960 134
998 266 321
418 155 174
614 144 581
651 398 133
398 760 118
650 251 560
871 485 331
729 805 653
550 196 225
871 688 342
117 837 537
354 757 531
688 485 345
521 439 667
819 556 534
823 612 434
582 827 406
420 619 245
6 576 202
865 418 554
734 947 343
6 837 357
879 695 895
619 462 293
462 420 364
885 762 1021
556 363 385
662 839 109
383 297 326
230 9 372
890 162 302
302 241 31
34 9 492
553 854 557
251 631 152
612 496 591
9 34 492
556 967 156
297 73 323
440 804 334
885 553 537
317 960 299
114 736 358
297 350 545
482 725 541
298 385 428
981 454 810
482 939 164
262 841 347
654 820 390
513 820 227
275 496 279
695 199 598
939 482 164
93 454 374
201 820 497
576 887 214
939 725 461
480 576 86
684 215 178
80 521 282
992 703 832
629 298 287
185 80 148
818 760 237
484 363 261
893 554 215
259 891 72
840 285 182
58 107 978
779 440 273
837 665 374
135 6 462
893 968 266
968 554 83
650 772 374
332 144 302
942 745 1196
968 114 177
554 968 83
174 613 376
251 363 410
678 496 114
441 199 371
514 839 312
839 514 312
406 734 368
892 272 42
892 273 235
901 610 335
273 892 235
454 617 227
162 112 134
643 942 227
504 7 56
643 947 100
780 969 211
387 650 240
947 942 313
942 947 313
757 762 295
161 363 83
363 248 258
745 617 66
248 363 258
73 884 400
317 981 602
992 94 149
434 796 268
796 610 211
708 840 285
442 553 212
687 658 718
197 654 194
553 297 456
199 981 408
583 654 495
111 484 345
206 780 379
780 350 489
585 201 169
992 573 652
196 865 553
805 763 242
55 821 403
232 222 106
222 925 257
745 418 501
319 466 316
528 745 637
954 656 208
319 660 299
708 550 151
731 576 313
466 319 316
981 174 523
466 660 373
266 350 600
883 610 611
872 553 372
206 297 255
957 324 218
206 703 547
441 483 681
297 703 502
641 928 379
703 206 547
938 854 363
846 117 222
117 846 222
260 736 382
441 272 657
866 273 278
772 620 692
273 866 278
503 925 486
725 342 700
260 614 220
571 866 261
106 679 640
968 547 288
275 199 609
998 573 134
648 260 314
779 854 565
239 648 192
81 55 284
614 442 188
686 10 352
81 654 381
745 354 412
772 965 273
618 509 471
55 654 291
454 235 642
650 162 485
887 612 197
879 350 412
887 238 456
73 981 118
981 73 118
772 598 396
897 73 118
960 58 311
171 658 351
884 484 664
655 235 438
171 731 175
612 175 197
731 171 175
440 958 333
387 576 260
731 658 336
656 954 208
820 656 121
686 471 407
431 141 131
141 431 131
644 557 317
571 554 551
379 73 299
630 185 659
201 840 378
644 988 318
305 988 389
557 644 317
396 406 372
873 107 477
354 398 388
114 235 374
557 988 325
153 162 536
997 175 172
988 557 325
655 259 275
644 716 400
610 110 110
270 655 269
988 644 318
290 262 308
593 162 445
86 189 650
539 742 96
118 55 275
55 729 654
325 615 439
55 332 100
466 107 142
539 887 190
647 186 401
992 660 243
742 539 96
742 887 164
354 776 399
162 153 536
883 110 592
363 865 329
354 885 201
588 509 606
199 613 657
885 776 594
563 509 285
968 154 280
563 805 60
585 838 215
805 509 257
678 891 1980
302 981 613
79 573 538
823 901 407
647 86 223
832 572 276
610 398 440
987 678 265
805 563 60
638 227 401
189 417 691
630 843 223
465 678 222
700 890 419
334 587 126
772 981 697
975 878 264
612 843 497
185 93 538
629 553 138
550 301 416
678 177 474
10 686 352
216 521 230
521 267 119
678 406 375
272 135 466
678 465 222
751 324 257
177 465 342
174 650 499
406 465 243
893 883 201
439 371 295
613 185 689
107 80 267
107 439 176
374 454 656
371 107 177
354 588 609
363 528 338
80 439 385
317 513 284
885 528 648
840 55 313
6 609 158
65 466 411
593 358 138
953 55 342
385 358 184
656 135 217
241 693 146
358 593 138
742 73 497
441 564 420
854 126 291
871 837 391
992 244 227
583 484 261
958 484 795
679 57 456
583 780 142
484 583 261
297 227 460
593 285 373
969 471 424
587 174 466
297 383 326
729 587 366
117 613 299
298 442 628
227 383 476
162 890 302
297 387 386
573 114 627
112 162 134
110 238 119
94 642 422
112 890 320
573 985 441
199 615 973
610 275 628
466 872 199
985 887 356
73 379 299
185 483 282
550 73 363
96 854 480
454 278 403
662 189 243
32 814 256
177 593 280
887 650 113
513 713 252
266 992 431
483 553 294
814 32 256
960 162 544
521 620 236
665 86 228
504 693 107
7 693 125
742 992 274
997 772 282
79 553 237
189 9 224
79 775 337
141 885 845
479 612 126
117 6 478
235 593 571
553 79 237
285 593 373
196 837 246
872 100 132
553 775 244
117 854 469
775 79 337
117 762 822
775 553 244
350 613 726
34 629 334
818 126 210
620 266 641
259 355 354
884 742 121
259 953 206
561 454 359
355 259 354
628 350 651
463 988 305
251 772 882
174 189 371
241 872 275
355 953 196
325 57 381
185 40 314
590 112 279
354 396 788
610 872 390
865 290 177
189 678 620
96 466 233
958 162 731
463 503 342
503 463 342
374 704 395
967 463 349
235 837 325
270 469 214
40 462 140
703 572 452
701 655 360
270 593 32
819 259 523
385 398 411
387 819 695
397 58 223
469 593 188
593 270 32
947 695 314
301 93 368
593 469 188
27 272 439
819 462 546
96 107 169
107 466 142
828 958 535
642 686 629
642 731 349
506 967 625
731 642 349
385 309 181
704 757 160
893 879 362
704 762 331
199 814 620
612 185 464
106 985 883
275 751 87
9 811 271
641 325 153
174 528 255
988 275 798
484 865 590
660 582 336
189 911 198
385 610 391
650 587 466
325 641 153
196 968 335
325 928 464
593 556 195
618 563 186
647 512 273
175 262 732
496 684 697
275 610 628
647 730 457
730 512 422
235 153 604
730 647 457
189 762 646
610 958 400
947 107 421
572 107 590
440 259 43
309 385 181
658 687 718
309 899 303
385 899 248
6 248 251
899 385 248
474 19 199
19 474 199
650 611 192
112 871 520
679 631 300
275 925 349
553 629 138
871 620 834
590 385 365
19 552 388
552 19 388
112 958 597
196 734 265
214 910 486
819 593 549
554 126 264
117 507 401
483 507 321
266 818 499
507 117 401
387 559 63
956 96 201
650 871 313
162 354 514
454 819 509
966 981 288
556 975 684
687 598 268
222 553 315
594 650 224
554 571 551
185 667 509
885 79 300
956 425 120
550 496 534
162 910 676
593 613 294
425 956 120
873 687 163
593 585 228
417 145 805
305 266 314
611 619 476
576 819 435
593 838 61
585 593 228
262 260 320
422 734 211
462 442 562
638 10 516
9 722 198
610 241 307
422 907 349
907 422 349
298 454 807
582 786 210
94 154 198
440 582 467
582 804 133
992 887 438
244 423 392
818 444 238
456 907 505
275 27 601
275 752 817
752 27 352
230 506 382
752 275 817
111 731 658
620 772 692
135 153 455
556 509 183
462 484 325
337 939 239
851 598 97
598 687 268
454 483 632
114 55 552
593 805 426
598 851 97
332 879 77
442 871 536
519 975 268
879 55 93
679 251 290
484 910 496
418 285 547
879 332 77
57 385 351
55 879 93
742 610 164
285 879 238
705 434 50
705 988 107
235 474 485
953 297 208
434 705 50
153 635 328
593 819 549
434 988 135
260 58 315
987 742 261
828 618 203
988 705 107
126 444 306
554 174 473
126 818 210
174 389 89
141 550 233
790 774 488
620 503 547
174 666 85
389 174 89
389 666 44
655 440 306
126 593 241
553 483 294
666 174 85
199 441 371
374 244 188
503 576 170
666 389 44
57 266 398
572 872 314
529 111 297
947 872 611
185 939 499
418 297 718
683 529 248
341 612 325
