773 649 1173
1163 1176 1355
1163 773 1362
1163 649 1235
1163 307 1213
649 1770 1039
667 338 1015
307 344 964
1176 593 1074
1770 514 548
307 773 1066
307 623 1178
1176 773 936
1112 1163 994
1112 773 778
1112 623 890
773 344 760
514 593 480
593 514 480
593 11 599
623 1152 764
199 1299 536
525 649 773
1755 1299 421
1275 875 804
1163 1755 751
1163 1299 563
648 1299 589
1755 1163 751
1299 648 589
126 1457 523
126 623 654
126 448 691
126 344 649
799 1457 562
799 623 693
799 344 688
1702 126 571
1457 799 562
1457 126 523
1478 1275 613
1478 307 715
1755 223 683
525 223 744
1623 199 537
1786 1457 553
1786 648 582
1786 593 659
1755 1184 625
648 1786 582
593 1184 772
1184 648 695
11 1184 611
199 1786 331
199 1770 625
199 1112 690
199 875 860
199 649 651
648 1702 691
1702 648 691
628 1770 865
1786 799 751
126 1786 662
1152 1951 745
1152 1623 719
1152 667 549
1152 338 799
593 1819 822
1786 1819 562
1819 1951 587
1819 1786 562
1819 1623 561
1819 1275 486
1819 307 886
1951 1819 587
338 367 439
1478 1765 568
1478 367 422
367 1980 544
367 1163 610
367 1055 460
367 1051 640
367 648 592
367 338 439
367 307 457
367 199 325
1765 1478 568
1765 1176 558
1048 940 718
940 367 553
1223 940 497
126 1623 1122
1478 1643 717
1048 1152 780
1152 1048 780
1152 821 468
1152 126 821
344 1943 722
344 367 434
344 199 670
367 1152 509
367 821 377
940 1275 577
649 525 956
1275 940 577
1275 525 661
525 1275 661
875 307 600
307 11 753
1457 997 605
997 1457 605
202 1765 765
1112 1951 662
1112 199 707
1702 993 710
993 1702 710
344 1223 718
344 1184 819
344 993 622
126 1048 866
1646 875 844
1299 135 480
1689 312 665
135 1299 480
135 1055 587
135 338 579
135 312 477
338 135 579
514 1770 739
993 223 581
1004 1480 705
1004 1109 552
1958 1702 827
1109 1223 596
1702 199 715
997 649 564
1055 1958 609
1958 875 905
1958 344 646
678 1623 847
593 367 618
593 312 820
628 367 542
628 312 744
649 367 555
1623 678 847
312 367 438
1646 667 825
1223 649 603
1223 312 486
367 649 555
367 312 438
875 1937 898
1937 993 877
1937 344 842
875 514 761
1152 875 777
1152 623 785
514 628 425
514 448 513
448 628 450
628 1152 441
628 773 692
628 514 425
628 199 599
842 202 868
1077 294 518
678 202 728
294 1525 896
294 202 527
1299 649 473
649 1190 732
649 993 629
202 1112 759
202 993 663
202 126 932
1004 1951 554
1623 1196 863
1951 448 582
1478 1786 477
1478 1004 519
1786 1478 477
667 1190 651
1190 667 651
710 338 633
710 223 661
1048 686 608
1048 338 635
686 1525 902
686 1048 608
686 338 463
1457 338 604
338 1196 827
338 1048 635
338 686 463
649 1457 623
940 1004 645
225 1689 676
225 1457 580
225 1004 521
225 593 686
593 678 707
593 225 686
1457 1048 633
1457 678 601
1457 649 623
678 1457 601
678 1051 824
678 1004 542
1051 678 824
1004 940 645
1004 678 542
1004 367 638
1689 678 697
623 312 551
223 1937 670
1937 1048 691
1937 223 670
1625 1048 609
1625 312 570
1770 628 817
1112 842 601
842 1112 601
842 667 741
1269 1980 460
1269 623 525
1176 842 616
1860 842 582
1004 1860 704
842 1980 472
842 1860 582
842 623 537
1643 875 803
1980 1643 642
1980 1269 460
1980 875 603
1980 842 472
1980 773 553
225 686 539
344 686 575
1818 686 538
514 1884 528
1884 1818 592
1884 1269 592
686 1980 562
686 1269 538
686 940 571
686 225 539
1190 1184 865
1860 1765 741
879 1818 712
879 1004 676
1055 1689 690
1077 1943 462
1077 448 597
1689 710 674
710 1958 754
710 1077 380
1951 1152 745
1943 1884 722
1943 1077 462
1943 1055 574
1943 710 558
199 1478 511
1269 1478 480
1478 593 703
1478 525 729
1702 1818 709
525 229 968
842 1713 722
842 525 733
1184 842 718
1269 229 487
1269 225 638
448 1702 582
448 1625 580
448 229 470
229 448 470
448 1112 695
448 1004 500
448 997 471
448 540 613
126 1275 686
799 1196 880
1980 1299 519
1112 1196 753
1646 1004 730
628 1196 921
593 1275 708
593 294 637
993 1958 674
993 1004 479
993 199 792
821 1196 820
1958 1299 518
1958 1196 753
1958 1004 517
1958 997 488
1958 993 674
667 1275 653
344 1275 636
294 1770 646
294 1643 659
294 1184 760
294 993 489
294 593 637
1196 1275 639
1196 993 715
1299 1980 519
1299 1958 518
1299 1004 323
1299 997 294
1299 294 333
540 1275 516
540 997 406
1275 1980 599
1275 1974 719
1275 1196 639
1275 997 374
1275 667 653
1275 623 715
1275 294 413
1004 1646 730
1004 1275 403
1004 997 293
1004 540 435
1004 448 500
1004 294 332
997 1299 294
997 1196 529
997 1004 293
997 905 726
997 593 598
997 540 406
997 514 586
997 223 512
126 667 516
1480 199 751
667 126 516
307 1937 1055
135 1130 565
225 229 863
686 1702 572
686 1184 732
1702 225 673
879 11 713
1525 1943 973
1525 11 891
1163 593 762
1163 344 790
1055 1457 634
1055 11 614
842 940 748
842 338 765
842 11 670
795 1702 709
593 1163 762
593 1055 740
593 842 796
593 623 551
1457 1943 596
1457 1299 562
1457 623 445
1702 1646 815
1702 905 695
1702 11 549
1460 623 617
1299 623 473
1943 1457 596
1943 593 702
905 940 718
905 525 967
905 11 640
623 1299 473
623 710 642
1689 1943 702
1689 1702 675
1689 940 698
1689 623 551
1689 11 620
11 1460 686
11 905 640
11 879 713
940 905 718
940 842 748
773 1625 676
525 27 923
1755 27 683
1055 1625 619
514 1980 583
27 1702 475
27 540 643
27 525 923
27 312 611
294 1625 431
294 514 603
294 27 453
879 1152 866
344 1625 531
623 1625 536
1702 1275 668
1702 1130 752
1702 775 717
1702 354 610
1702 27 475
1130 1109 652
202 1980 796
1190 1980 586
1190 1480 685
1625 1980 411
1625 1884 602
1625 1480 510
1625 1407 665
1625 1055 619
1625 940 893
1625 773 676
1625 338 534
354 1480 667
354 1109 510
354 294 588
1275 1702 668
1109 1646 834
1109 1625 353
1109 1457 541
1109 1269 550
1109 514 525
1980 1625 411
1980 1190 586
879 1196 976
773 126 1255
821 1077 618
648 525 837
1755 1713 871
1055 1713 692
1643 1786 680
1643 499 687
1077 1786 417
1077 1765 389
1077 1713 580
1077 1481 667
1077 667 611
1077 499 424
1048 1077 743
499 1643 687
499 525 741
1765 1174 493
1765 1077 389
667 1077 611
525 1877 883
525 1174 555
525 1077 451
525 678 803
525 648 837
525 499 741
63 1819 763
678 1974 855
1689 229 898
1112 229 605
229 1673 673
229 1525 921
229 1481 900
229 1275 838
229 1077 728
1702 1163 691
229 678 682
1525 1819 1153
229 540 611
940 1196 995
842 1884 441
842 1755 608
842 1407 602
842 1275 733
842 1174 521
842 1109 515
842 1077 417
842 1055 429
842 540 569
842 649 664
842 426 446
842 126 778
1689 1077 798
199 1174 657
199 1055 565
799 842 817
1877 1109 704
678 1109 624
678 879 586
540 1884 450
540 879 486
540 710 562
223 1055 605
223 426 622
628 1055 710
649 879 581
649 710 657
1174 1884 402
1174 1407 563
1174 1109 476
1174 905 777
1174 686 480
426 1884 327
426 879 363
426 842 446
426 686 405
1077 1109 372
1077 628 698
1077 199 553
1818 1884 655
710 1980 684
710 1877 742
710 1755 601
710 1407 595
710 923 667
710 905 809
710 686 512
710 648 696
710 540 562
710 126 771
875 1109 895
648 1884 584
648 923 817
648 879 620
648 628 984
1755 1884 489
1755 842 608
1755 710 601
1755 686 567
923 1174 635
923 710 667
923 648 817
686 1755 567
686 1174 480
686 1109 474
686 1077 376
686 710 512
1407 1174 563
1407 710 595
1407 648 745
1407 426 488
1884 1951 619
1884 1755 489
1884 1643 561
1884 1055 310
1884 710 434
1884 648 584
1109 1877 704
1109 1055 384
1109 879 432
1109 842 515
1109 710 508
1109 686 474
1109 678 624
1109 426 401
1055 1884 310
1055 1407 471
1055 842 429
1055 27 659
879 1884 358
879 1478 736
879 1407 519
879 1174 438
879 1055 346
879 960 802
879 923 591
879 905 733
879 773 705
879 710 470
338 448 568
879 678 586
879 593 834
879 514 680
879 426 363
879 126 695
1625 499 718
499 1625 718
1860 1689 835
799 1713 763
1190 499 699
229 1958 859
593 1958 794
821 448 578
1958 1643 688
1958 1625 842
1958 593 794
1958 448 511
24 1937 585
1937 24 585
1275 344 636
448 1765 514
448 1643 621
448 1223 648
448 24 339
1765 448 514
1643 593 904
1643 448 621
27 135 512
1877 135 590
773 1770 710
367 1943 620
135 1951 620
135 1943 497
202 678 728
135 1877 590
135 1480 490
135 905 523
135 773 626
1770 1877 674
1770 135 364
1419 1196 842
1196 1419 842
1051 1643 720
1689 1643 605
1275 1905 746
1275 1643 442
1275 773 650
1275 11 657
1943 514 489
1183 514 648
11 514 389
199 1643 512
1004 1643 442
1905 1004 746
1905 514 478
514 1643 174
514 1109 727
514 223 630
514 11 389
773 1275 650
1643 1544 812
1643 1051 720
1643 1004 442
1643 997 663
1643 799 647
1643 514 174
1643 367 567
1643 307 624
1643 126 678
1980 1176 559
307 1544 722
307 1112 403
426 1176 726
1702 628 777
799 1112 533
799 667 580
628 667 567
628 307 459
1269 1176 475
1269 1112 581
1269 649 665
1269 307 520
667 1112 511
667 799 580
667 628 567
649 799 617
223 628 513
905 307 518
1112 1223 666
1112 1176 358
1176 1980 559
1176 1702 615
1176 1112 358
1176 799 427
997 1765 438
997 1755 656
997 1480 539
997 1407 428
997 426 632
997 225 624
997 27 587
1478 1884 538
1478 1407 601
525 1884 828
1786 1884 481
1786 997 476
1269 997 631
1974 997 536
448 1407 682
1480 1974 715
1480 997 539
1407 1974 604
1407 1478 601
1884 1974 541
1884 997 365
1884 423 632
1765 1884 443
1269 499 567
1109 1275 568
1974 1457 527
1974 1223 677
1974 686 644
1974 294 408
448 499 550
1106 499 534
1048 1974 784
499 1106 534
499 294 480
294 1974 408
294 1457 535
294 1269 503
294 499 480
842 1291 591
842 499 665
126 710 864
710 1291 657
678 1958 808
1291 1077 675
1291 955 589
1291 842 591
1174 1291 539
842 1190 806
993 1457 585
993 1190 509
993 229 722
993 11 616
1525 1190 901
1525 229 1114
1275 1860 756
1275 229 844
1077 842 417
514 1291 503
514 1190 428
514 1130 552
1951 1457 700
1951 1291 699
1130 1860 531
1130 354 543
202 1163 861
202 623 694
202 448 631
202 354 629
1190 1937 667
1190 1525 901
1190 1457 358
1190 993 509
1190 905 699
1190 710 747
11 1860 514
11 993 616
11 448 528
229 1937 880
229 1291 570
623 354 621
448 1755 700
448 354 558
448 11 528
628 1457 694
1755 448 700
1860 1625 608
1860 1457 483
1860 1291 482
1860 1190 407
1860 367 634
1860 229 620
1860 63 575
1860 11 514
354 1860 544
354 1478 726
354 1190 419
354 1130 543
354 628 755
354 448 558
448 1299 501
354 202 629
1291 1457 433
1291 1190 357
1291 202 567
1291 11 464
1457 1860 483
1457 1190 358
1457 448 497
1457 229 571
1457 11 465
1943 1860 660
678 1860 622
678 1770 742
678 997 703
678 24 609
229 1460 854
1765 1460 683
223 1460 632
1176 1460 533
307 1460 502
307 1130 675
1525 1460 942
799 1130 687
1130 1176 706
1130 799 687
1130 126 729
1460 1980 633
1460 1765 683
1460 1407 793
1460 1269 474
1460 1176 533
1460 799 514
1460 514 612
1460 229 854
1460 225 773
1275 354 686
875 1958 987
1407 354 629
1884 354 566
354 1884 566
1106 1877 801
875 1480 734
773 1877 730
773 1480 688
905 135 523
1877 1269 633
1877 842 699
1673 1877 697
63 1877 645
63 1419 559
1623 1419 753
842 1419 613
225 1190 728
27 1877 458
27 1480 416
1770 1673 797
1770 875 876
1419 1673 611
1269 1419 547
1480 1877 648
1480 842 657
1480 773 688
1163 1932 704
1176 997 507
1179 1419 668
1179 1407 717
1179 997 515
307 1419 629
307 997 476
628 1525 1002
628 1480 703
1525 997 916
1525 628 1002
126 1419 683
1419 307 629
199 1932 621
1932 1480 599
1932 1163 704
1932 842 776
1932 663 588
1932 199 621
663 1932 588
663 1525 1022
663 997 606
997 1179 515
997 1176 507
997 126 530
1480 1932 599
1480 126 647
795 1636 969
225 1055 693
1673 940 884
775 940 659
1130 1818 607
1130 940 648
1786 940 486
1174 940 661
1051 1055 612
1190 1299 401
1190 940 572
338 1230 721
338 1055 456
1366 1818 720
1230 1636 851
1230 1299 528
1230 312 619
1183 1299 493
1183 1055 600
1183 940 664
1818 1860 650
1818 1366 720
1818 1130 607
1818 1055 393
1818 940 457
1818 649 757
1818 499 618
875 312 838
940 1818 457
940 1786 486
940 1770 780
940 1673 884
940 1130 648
940 997 601
940 875 918
940 775 659
940 667 721
940 648 802
940 499 659
940 338 520
312 1877 694
1275 540 516
312 940 418
312 875 838
1055 1419 820
1055 1190 508
1055 1183 600
1055 338 456
1299 1818 286
1299 1407 573
1299 1230 528
1299 1190 401
1299 1183 493
1299 940 327
1299 875 747
923 879 591
1299 338 349
1860 1183 857
1860 940 691
1860 312 611
499 1646 537
1048 1275 745
773 1646 896
1646 1048 489
1646 499 537
1951 821 734
514 879 810
1943 879 694
1636 879 958
879 1686 630
879 1179 765
344 1152 525
879 1040 644
879 955 631
879 349 466
879 338 414
1980 1223 482
1223 1980 482
1223 628 508
1223 126 527
628 1686 686
628 1135 862
126 1223 527
1636 1419 841
1184 1419 634
1419 1525 782
1958 1419 690
678 27 802
921 678 746
1457 1366 702
1457 773 802
923 31 1198
879 1112 757
1958 1457 890
1958 1112 652
1230 960 841
1152 294 784
1525 1004 843
540 795 602
795 1112 470
795 960 560
795 223 504
1713 1112 625
997 960 660
223 1183 771
223 1077 485
223 1004 435
1004 1525 843
1004 223 435
960 1755 777
960 1183 827
960 1004 491
960 997 660
960 879 847
960 795 560
960 225 719
312 1230 619
1077 1112 451
11 1457 465
1077 960 541
1077 223 485
294 960 581
1112 1713 625
1112 1689 744
1112 1275 561
1112 1077 451
1112 879 757
1112 795 470
367 775 523
686 775 447
879 1419 950
879 775 682
1958 775 577
1275 1419 730
775 1958 577
775 1419 690
775 1275 462
775 678 766
11 225 777
1770 940 841
1770 649 760
1275 1048 927
1275 225 602
63 795 692
24 225 593
428 225 845
1623 1152 719
1230 1051 759
1230 649 582
1106 649 487
1106 225 444
202 1407 746
202 940 752
202 225 628
649 1884 406
649 1819 636
649 1407 469
649 1230 582
1478 199 511
649 940 475
649 795 411
499 1974 472
649 225 351
1051 1884 583
1183 1478 727
1051 1525 1147
1051 1407 646
1051 1230 759
1051 1048 853
1051 940 652
1819 1525 1212
1819 1407 711
1819 649 636
1275 1112 561
821 1884 635
821 1407 698
821 940 704
514 940 746
940 1051 652
940 883 715
940 649 475
1407 1819 711
1884 1051 583
1884 1048 688
1884 821 635
1884 795 423
1884 649 406
1884 225 363
1884 202 683
883 940 715
1048 1884 688
1048 1407 751
1048 225 633
795 1230 599
795 1184 749
795 940 492
795 821 640
795 649 411
795 225 368
225 1623 720
225 1275 602
225 1230 539
225 1106 444
225 997 687
225 795 368
225 623 741
225 514 622
225 428 845
225 423 708
225 24 593
225 11 777
1419 225 749
1366 1291 591
1366 678 659
997 1152 641
1366 448 581
875 126 831
678 525 803
1366 225 596
1163 1384 513
1163 448 634
225 1384 398
225 1366 596
225 1174 779
225 773 716
225 678 597
225 665 587
225 448 519
225 199 603
1884 1291 583
1884 448 573
665 1884 641
665 1366 649
665 199 656
1291 1884 583
1291 1384 393
1937 1384 629
448 1884 573
448 1384 383
448 1163 634
448 678 582
448 225 519
448 199 588
199 678 666
199 225 603
678 1366 659
773 225 716
1384 1932 691
1384 1291 393
1384 1269 511
1384 1163 513
1384 225 398
1269 1384 511
960 1898 992
960 1135 706
960 1040 709
229 423 820
514 1135 703
423 1135 693
1135 960 706
1135 423 693
1004 1077 380
1932 1135 593
821 1905 678
821 63 526
1819 63 808
1958 773 736
1958 338 594
1958 63 635
294 773 629
344 338 587
1480 338 566
821 1943 665
1702 1905 702
1905 1980 660
1905 1958 787
1905 1765 557
1905 1299 709
1905 1135 730
1905 344 780
1905 338 457
773 1765 506
773 1755 606
773 294 629
1643 1689 605
223 1786 475
525 1109 776
525 63 672
229 1884 780
1481 1980 737
1481 773 676
1481 338 534
1786 1980 487
1786 1649 638
1786 1480 586
1786 1109 429
1786 773 426
1786 223 475
1786 63 325
1755 1958 794
1755 1649 818
1755 338 464
1765 1109 509
1765 773 506
1765 338 364
1765 63 405
1135 1905 730
338 1958 594
338 1765 364
338 1623 490
338 1481 534
338 1480 566
338 1109 409
338 628 652
338 344 587
338 294 487
338 63 305
1109 1786 429
1109 1481 679
1109 185 646
63 1958 635
63 1905 498
63 1786 325
63 1481 575
63 1135 578
63 821 526
63 773 447
63 338 305
1980 1905 660
1980 1786 487
1980 1765 567
1980 525 834
665 1068 705
349 1068 515
1819 842 826
24 842 615
993 842 453
678 842 622
1686 1068 473
1686 842 433
710 1951 651
710 842 473
1625 1068 553
628 842 525
1951 1686 611
1951 1068 458
842 1643 633
842 1299 549
842 678 622
842 665 665
842 628 525
842 367 537
842 354 748
1068 1951 458
1068 1686 473
1068 1625 553
1068 665 705
1068 349 515
1068 307 622
905 1686 713
799 1686 553
1673 1686 651
663 1686 697
135 294 551
955 294 734
349 1686 523
349 294 569
842 883 685
1460 1686 639
294 1686 336
294 799 599
294 349 569
1686 1980 427
1686 1932 583
1686 1419 559
1686 1112 600
649 1112 548
1686 1051 732
1686 905 713
1686 428 549
1686 312 576
1686 294 336
524 1932 904
1269 1299 507
1269 312 533
312 1269 533
1299 1922 643
1299 1269 507
1922 1299 643
1932 312 545
678 347 1055
347 1460 655
1460 347 655
1457 1713 669
795 1713 727
1713 1457 669
202 1713 828
1190 1974 719
1974 1190 719
628 1943 819
1963 1943 719
126 1951 671
921 1943 706
1673 1951 828
1130 1958 749
1130 1943 489
1130 960 784
1951 1980 584
1951 1958 643
1951 1366 727
1951 1174 491
1951 960 678
1951 799 710
1478 1958 608
1478 1943 348
1478 667 457
1980 1951 584
1980 1943 497
1980 1130 690
1176 1951 689
223 1943 505
223 1174 613
667 1951 492
667 1943 405
667 1478 457
667 1174 513
1163 1980 591
1163 1943 390
1269 1943 726
1958 1130 749
1958 667 665
960 1943 591
960 1163 685
1174 1974 723
1174 1478 456
1174 1163 498
1174 223 613
1943 1951 383
1943 1478 348
1943 1269 726
1943 1179 610
1943 1176 602
1943 1163 390
1943 1040 741
1943 799 623
1943 667 405
1943 628 819
1943 223 505
775 1963 746
775 997 615
1480 1963 777
1384 997 537
1223 1963 582
1183 31 1005
1478 1898 678
1163 1625 801
1163 997 420
1163 921 607
1958 1384 885
1898 1963 654
1898 1478 678
940 1190 572
921 1163 607
921 31 620
1963 1898 654
1963 1223 582
1963 1163 551
1963 921 618
1963 173 823
1951 1898 706
997 1898 523
31 997 433
1872 1673 713
1872 11 623
1135 921 903
347 11 512
1765 344 607
1974 1478 687
1974 344 641
921 1786 496
921 1673 556
921 1478 593
921 344 547
1481 344 759
344 1765 607
344 1481 759
628 1176 414
344 921 547
344 47 790
344 11 447
1819 921 667
1819 821 798
1819 11 567
1819 6 1037
1673 1786 486
1673 921 556
1673 821 687
1673 795 650
1673 525 865
1786 1974 590
1786 921 496
1786 344 477
1786 11 396
1755 1974 770
1478 1673 583
795 1673 650
795 11 560
11 1819 567
11 1786 396
11 1673 456
11 1544 743
11 1478 493
1480 1943 707
11 1176 623
11 921 466
11 344 447
11 6 836
6 1636 897
775 1636 691
448 1636 752
623 1770 638
623 1636 508
1963 1636 891
1419 1713 698
1106 1636 778
223 1770 545
223 1713 382
514 1196 844
940 1713 841
1478 1636 447
1636 1860 727
1636 1770 586
1636 1478 447
1636 1106 778
525 1478 729
1636 623 508
1636 262 823
1636 6 897
1457 1407 593
795 1407 423
667 1407 603
1818 1179 859
126 1905 950
126 1051 879
126 648 762
126 428 696
126 24 444
799 24 483
1689 997 664
1419 24 587
426 428 836
1077 1932 841
955 997 776
1702 1932 759
1702 997 567
1702 24 473
1179 428 698
1179 294 569
1179 24 446
1932 1702 759
294 1646 692
294 1179 569
997 1980 451
997 1702 567
997 1689 664
997 1112 450
24 1980 357
24 1940 532
24 1646 569
24 1112 356
24 126 444
24 11 502
428 1980 609
428 1689 822
428 1673 896
428 1179 698
428 1112 608
428 648 726
1940 24 532
1980 1636 963
1980 1112 557
1980 648 675
1980 428 609
1980 24 357
1877 294 761
1755 428 901
648 1179 764
648 428 726
648 24 474
1112 1646 769
1112 1460 698
1112 648 674
1112 428 608
1112 135 694
1419 27 372
1112 24 356
1646 1112 769
1646 997 663
262 1646 668
262 648 573
842 1646 742
842 1163 618
524 1525 805
354 1163 758
821 349 619
185 1525 834
1818 1646 633
1818 1525 764
1818 623 590
842 1223 481
710 1646 725
710 1525 856
710 1163 601
1525 1818 764
1525 1163 687
1525 1055 665
1525 710 856
1525 185 834
1646 1163 556
1646 1055 534
1646 993 787
1646 710 725
1646 623 637
1646 349 513
905 1818 805
623 1055 491
623 185 660
1480 1163 758
1163 1818 509
1163 1646 556
1163 1525 687
1163 710 601
1163 354 758
1163 349 389
1055 1646 534
1055 1525 665
1055 349 367
349 1818 466
349 1636 659
349 1525 644
1958 1544 791
1275 1884 629
1275 1366 857
1163 1884 658
1163 338 667
628 1937 903
1040 1884 719
1040 1068 762
1689 1713 668
1689 294 644
1004 1544 667
1004 1223 486
423 1884 681
423 1544 752
135 1713 664
1218 1905 877
923 1937 736
1884 1937 503
1884 338 487
1884 199 373
1068 1040 762
710 1544 745
1937 1884 503
1937 1407 664
1937 1366 731
1937 1068 546
1937 648 808
1937 499 599
1937 338 512
1937 229 969
1932 1183 972
648 1937 808
1366 199 601
1544 1937 574
1544 1636 986
1544 1163 729
1544 1004 667
225 940 432
1544 710 745
1544 499 645
1544 423 752
1544 338 558
1544 312 703
1544 199 444
294 1689 644
294 338 513
294 199 399
1713 1407 689
1713 1183 639
1713 710 724
1713 499 624
1713 338 537
1713 199 423
1223 1937 393
1223 1183 479
1223 1163 548
1223 1004 486
1223 775 636
1223 338 377
1223 199 263
1183 1713 639
1183 1223 479
312 1544 703
499 1937 599
499 1544 645
499 199 469
338 1937 512
338 1713 537
338 1689 627
338 1407 648
338 1163 667
199 1407 534
199 1366 601
199 1223 263
199 923 606
199 499 469
199 338 382
199 294 399
842 1932 776
960 1765 466
960 1481 713
1673 1481 759
1673 710 915
1673 199 633
1963 1673 855
1963 1269 640
1963 960 809
1457 1673 855
940 1765 646
1932 1765 549
1152 1765 469
1152 1481 716
514 1963 796
514 1765 453
1481 1673 759
1481 1625 781
1481 1152 716
1481 960 713
1481 514 700
11 1932 837
11 1269 585
199 1877 672
199 1860 891
199 1673 633
199 1625 655
199 1152 590
199 960 587
1765 1877 551
1765 1872 490
1765 1860 770
1765 1152 469
1765 960 466
1765 710 509
1649 1765 557
1230 1819 824
1649 1269 748
710 1765 509
710 11 797
223 593 668
1877 1765 551
1877 199 672
338 1299 349
1269 1872 681
1269 1649 748
1269 1481 544
1269 199 418
1905 1951 728
1905 525 762
1905 524 880
514 1958 1016
665 525 812
47 1951 758
1951 525 748
338 1951 738
338 1419 721
338 1905 457
525 1951 748
525 1860 848
525 1419 731
525 921 756
525 665 812
525 514 869
1686 344 570
1702 1686 822
1980 1646 756
27 1686 600
27 344 442
344 1163 790
338 1106 494
344 1646 667
344 1525 798
344 1041 622
344 499 746
344 27 442
821 1702 639
821 27 417
1943 354 943
955 883 801
1184 883 568
338 883 526
225 883 451
225 525 775
1786 883 570
1951 354 733
354 1525 802
354 1077 428
354 883 417
923 1765 501
923 1699 742
1525 1130 953
1525 354 802
1525 225 836
1130 225 669
1765 883 414
1765 225 515
525 1544 1340
525 923 761
525 883 674
1077 1974 647
1077 1184 579
1077 923 448
1275 960 651
1077 354 428
1077 307 686
1077 225 462
883 1951 666
883 1765 414
883 1184 568
883 955 801
883 525 674
1407 879 519
883 354 417
883 338 526
1699 923 742
135 1196 719
1980 1958 713
1943 1109 688
1943 648 721
1275 1223 519
1230 1152 871
1643 1196 754
1643 648 670
1905 1152 583
1905 1109 547
1905 960 815
1905 648 580
1905 540 585
773 1818 600
773 1689 732
773 1196 638
773 1152 557
773 540 559
773 135 707
648 1943 721
648 1818 528
648 1109 449
648 773 554
1196 1643 754
1196 773 638
1196 648 566
1196 540 571
960 648 717
540 1689 665
540 773 559
1109 1943 688
1109 1905 547
1109 1898 1010
1109 1818 495
1109 648 449
1109 11 588
1689 648 660
1152 1196 569
1152 540 490
1152 11 624
1818 1905 626
1643 525 714
1877 1135 925
686 1135 590
686 1041 589
923 1135 641
1135 923 641
1366 1051 900
499 1770 697
648 1021 924
499 1152 731
185 1152 565
1943 1770 538
1980 1770 632
799 1152 629
229 1051 832
1184 1819 626
1184 1152 494
1184 1051 561
1184 202 739
448 1819 622
448 1051 557
775 1051 738
1786 1152 540
1872 1963 1213
1051 1384 845
1051 710 463
1819 1860 640
1819 1755 756
1819 1480 624
1819 799 761
1819 710 528
1819 448 622
1055 1770 558
1860 1819 640
1860 1152 508
1860 1051 575
993 1770 449
1480 1819 624
1480 1051 559
202 1963 1055
202 1152 439
710 1819 528
710 1770 362
710 1152 396
710 1051 463
710 448 692
710 225 841
1755 1819 756
1275 1152 595
1275 710 797
1152 1860 508
1152 1798 710
1152 1786 540
344 1770 589
1152 1480 492
1152 1299 533
1152 1275 595
1152 1183 934
1152 1130 702
993 649 629
1152 1055 592
1152 1051 261
1152 799 629
1152 775 671
1152 710 396
1152 448 490
1152 202 439
1152 185 565
1152 175 699
1770 1980 632
1770 1943 538
1770 1872 563
1770 1275 561
1770 1230 842
1770 1184 460
1770 1055 558
1770 1004 516
1770 993 449
1770 799 595
1770 202 405
1770 199 778
1770 175 665
1269 1183 776
993 1183 626
842 1183 788
27 1818 726
1818 27 726
1183 1004 530
1183 993 626
1183 842 788
1183 663 650
1183 223 785
1958 367 671
1275 47 945
229 686 669
1922 686 535
126 367 580
1713 1649 703
1021 686 562
514 686 457
1877 686 441
678 1649 555
678 1480 751
678 1230 800
678 1223 485
678 686 361
623 686 681
1649 1922 729
1649 1877 635
1649 1819 803
1649 1480 648
1649 678 555
1649 126 698
1649 20 536
1646 11 687
1223 1951 580
1223 1877 565
1223 678 485
1223 514 581
1480 1649 648
20 1649 536
20 1021 840
20 126 782
1951 686 456
1951 367 532
1819 1649 803
1819 686 609
11 1223 425
11 883 634
11 367 377
367 1877 517
367 514 533
367 126 580
367 11 377
686 1951 456
686 1932 616
686 960 554
686 514 457
686 423 573
686 47 505
686 11 301
1623 1770 704
1623 367 580
821 1190 648
229 1786 708
229 367 622
1625 1819 814
1625 1786 550
1625 1765 512
1625 1481 800
1625 367 464
307 1819 883
307 1786 619
307 1765 581
307 1190 606
307 1106 711
1112 1765 525
1112 1481 813
1112 1190 550
1112 367 477
1190 1786 447
1190 1366 623
1190 1112 550
1190 1048 585
1190 821 648
1190 173 672
525 1770 845
1481 1770 748
1481 997 726
347 1770 564
347 1112 629
628 1190 815
1786 1770 498
1786 1190 447
1786 229 708
1755 1625 730
1048 1770 636
1048 1765 560
1048 1106 690
1048 923 738
1048 367 512
1770 1765 460
1770 1366 674
1770 1299 477
1770 1106 590
1770 1048 636
1770 1033 675
842 24 615
1770 525 845
1770 307 657
1299 1770 477
1366 1190 623
1702 1819 883
426 997 632
1974 11 560
426 367 530
1106 1770 590
1106 1366 728
1106 1048 690
1106 367 466
1106 307 711
1765 1625 512
1765 1112 525
1765 1048 560
1765 307 581
1765 229 670
1872 1770 563
1755 997 656
1770 173 723
173 1190 672
173 997 701
923 1033 777
923 821 801
923 173 825
923 6 1045
367 1974 724
367 1048 512
367 879 663
367 347 440
354 842 815
354 663 623
354 27 574
1184 875 923
1958 229 859
1112 1673 695
1112 27 456
225 1208 909
225 875 798
225 842 765
225 663 573
773 875 654
262 875 821
1673 1662 751
1958 960 742
1673 1112 695
1673 905 769
27 1112 456
27 905 530
367 1184 549
27 354 574
27 338 607
905 875 804
905 27 530
1106 875 681
1106 842 648
1106 663 456
1106 223 595
1106 27 407
1077 1176 693
663 1184 698
663 1112 505
663 1106 456
225 1765 515
663 1051 945
663 923 643
663 905 579
663 338 656
1269 923 729
1269 875 517
1269 338 742
875 1673 621
875 1208 767
875 1112 730
875 1106 681
875 842 623
875 773 654
875 262 821
875 27 382
531 875 898
1963 1625 655
1689 875 719
126 875 791
1699 875 609
349 875 715
1943 1625 699
1625 1419 874
1625 1174 502
1625 875 391
1646 775 678
1625 710 532
710 875 519
1174 1625 502
875 1943 686
875 1818 883
875 1174 489
875 1004 519
875 775 655
875 531 898
875 525 887
875 349 715
821 678 686
875 199 876
875 135 899
875 11 738
126 1196 1027
20 1196 802
795 1196 627
1898 1196 1016
1183 1196 853
11 1109 697
1138 1048 670
1138 499 785
1109 1686 813
1109 1048 570
799 338 491
1109 795 730
593 1673 987
593 1196 527
1048 1196 467
1048 960 800
1196 883 711
1196 593 527
1877 1770 674
1196 20 802
135 1643 679
1163 993 614
524 665 545
1184 1643 651
1184 665 639
875 1275 877
1184 514 617
955 1643 572
955 1269 724
955 628 608
1765 940 646
993 1872 574
993 1643 380
993 1625 675
993 1525 895
993 1269 532
993 1163 614
993 905 662
993 795 516
993 710 498
993 665 368
993 628 416
993 514 346
993 349 477
993 307 744
993 294 489
993 31 572
905 514 748
349 993 477
623 1819 766
623 993 447
623 514 533
1033 514 756
1625 993 675
1625 24 783
307 993 744
710 1974 855
710 1179 877
710 628 654
1819 665 687
1819 628 735
1299 1643 422
1299 795 558
1299 31 614
24 1643 488
24 1269 640
540 1269 686
540 665 522
540 628 570
960 423 705
540 514 500
540 448 768
578 993 940
1818 875 877
1525 993 895
1048 1643 721
1048 628 757
1048 31 913
795 1643 636
795 628 672
795 623 703
514 1818 571
514 1299 388
514 1184 617
514 993 346
514 905 748
514 623 533
1958 1055 609
514 540 500
514 349 563
1269 1818 757
1223 1291 426
1269 993 532
1269 955 724
1269 540 686
1269 24 640
665 955 560
665 524 545
1818 1269 757
1818 628 641
1818 514 571
1818 31 797
31 993 572
31 514 658
1643 1819 699
1643 1818 605
1643 1299 422
1643 1163 734
1643 993 380
1643 135 679
628 1872 730
628 1818 641
628 1048 757
628 955 608
686 1922 535
628 795 672
628 540 570
628 24 524
1958 799 786
678 31 693
799 1770 742
799 1135 731
799 795 740
795 799 740
1135 799 731
1974 1112 627
1940 354 931
354 1179 634
354 1112 492
1662 1179 572
923 788 540
1184 1112 567
338 1179 667
338 905 640
628 1662 800
628 225 812
1106 1112 533
788 1662 458
788 354 520
788 338 553
905 1299 550
905 1184 682
905 338 640
905 225 557
1179 1662 572
1179 1106 675
1179 354 634
1179 225 584
1112 1974 627
1112 1184 567
1112 1138 888
1112 1106 533
1112 788 402
1112 354 492
1112 338 525
1299 905 550
225 1299 503
225 1112 442
225 788 470
225 628 812
225 197 602
955 649 787
663 202 874
1130 1872 987
737 1872 690
737 649 649
229 1872 767
202 344 876
1033 1872 440
1033 649 399
649 1862 602
649 955 787
649 737 649
649 344 599
649 338 512
1689 1625 636
1689 775 570
1713 1625 646
1713 737 824
593 775 729
525 1190 794
525 1625 821
135 1625 560
135 775 494
126 775 682
1770 773 707
1636 678 847
737 531 709
1625 1818 722
1625 1689 636
1625 531 531
1625 525 821
775 593 729
775 531 465
775 294 655
775 126 682
531 1625 531
531 737 709
821 1068 705
628 1077 734
905 426 727
1544 1077 788
1544 426 817
1963 426 663
126 1077 499
126 1068 498
126 540 633
799 1951 966
799 1174 642
799 1077 538
799 1068 537
799 426 567
1922 1055 754
1218 1055 706
1819 1077 646
1819 678 880
1819 426 675
1275 1877 786
225 1269 638
1275 678 706
1643 1223 667
1174 1980 516
1174 1877 574
1174 1021 873
1174 540 394
426 1963 663
426 1877 499
1275 775 462
426 1021 798
426 955 670
426 540 319
426 514 513
879 1643 597
426 126 528
1077 1980 412
1077 1963 634
1077 1877 470
1077 1819 646
1077 1686 517
1077 1021 769
1077 955 641
1077 540 290
1077 173 543
262 1068 595
367 667 515
262 426 625
648 955 927
648 678 676
1755 960 797
1755 955 832
1755 678 581
1755 262 787
1755 126 690
955 1755 832
955 648 927
955 426 670
955 173 1028
1980 1055 424
1980 426 441
173 1951 971
173 1877 857
540 1152 490
173 1077 543
173 1055 555
173 648 829
173 426 572
1877 1755 661
1877 1643 733
1877 1275 786
1877 1174 574
1877 1068 469
1877 426 499
678 1755 581
678 1275 706
678 1174 494
678 1077 390
678 1068 389
678 1055 402
678 648 676
678 338 759
678 6 1038
1478 1068 539
1770 426 654
540 1980 546
540 1951 718
540 1922 876
540 1755 481
540 1077 290
540 799 672
540 426 319
1068 1877 469
1068 1478 539
1068 1112 625
1068 1021 768
1068 799 537
1068 540 289
1068 514 483
1068 173 542
1055 1922 754
540 1643 534
1055 1877 482
1055 1686 529
225 185 508
1055 1021 781
1055 960 618
1055 173 555
338 648 664
1818 957 491
1636 648 860
185 1673 635
185 648 553
648 1673 742
648 1636 860
648 185 553
957 1798 646
957 338 488
1673 648 742
1673 185 635
514 804 869
1646 225 737
804 1922 784
804 225 550
821 1922 725
821 225 491
1922 804 784
1922 225 584
1366 804 804
225 1922 584
225 821 491
1940 1786 580
921 1174 687
773 1937 776
773 1930 738
773 1174 682
773 202 732
1109 1765 509
1636 1786 630
1636 667 881
1077 312 420
524 667 835
710 1786 489
1937 1299 474
1937 1077 708
1937 1055 581
1937 426 737
1937 185 506
775 1299 378
775 1174 562
775 1055 485
775 710 662
775 185 410
1366 1930 736
1366 1786 505
1366 1662 790
1366 1130 667
1366 1077 730
1366 623 937
499 1930 634
499 1130 565
499 202 628
686 448 765
686 202 580
1943 775 798
1951 312 565
1951 185 607
1662 1366 790
1662 921 797
1662 312 480
1130 499 565
1786 1943 625
1786 1940 580
1786 1636 630
1786 1299 205
1786 1179 670
1786 1176 542
1786 1174 389
1786 1077 439
1786 1055 312
1786 905 666
1786 710 489
1786 684 856
1786 312 195
1055 1937 581
1055 1786 312
1055 1130 474
1478 1055 552
1055 775 485
1055 202 537
1299 1937 474
1299 1930 436
1299 1786 205
1184 1770 460
1299 1174 380
1299 1130 367
1299 202 430
1269 821 656
185 1930 468
185 1786 237
312 1951 565
312 1898 772
312 1174 370
312 1130 357
312 525 545
312 448 605
312 426 449
312 202 420
1930 1299 436
1930 1077 670
1930 525 795
1930 185 468
531 1786 549
1174 1299 380
1174 1130 551
1174 773 682
1174 202 614
525 1366 855
525 686 705
525 312 545
525 202 789
202 1366 730
202 1299 430
202 1174 614
875 1643 803
202 1077 664
202 1055 537
202 773 732
202 686 580
202 185 462
448 842 719
448 524 651
1963 842 809
173 1798 859
173 842 871
997 842 542
997 349 551
1625 349 696
1174 842 700
623 524 479
1649 842 818
842 1798 402
842 349 423
842 47 670
524 1963 741
524 1798 334
524 1481 697
524 623 479
349 1951 601
349 1625 696
349 997 551
349 842 423
1798 1106 644
1798 997 530
1798 842 402
312 524 407
623 787 772
628 499 496
1040 1798 905
1048 1223 595
6 1055 680
6 710 655
6 628 763
524 6 905
787 921 618
787 710 670
1223 921 477
1077 905 673
1223 499 283
514 499 538
955 1384 899
955 921 766
955 6 839
1163 1544 729
710 1223 529
710 921 582
710 787 670
710 6 655
1384 1798 814
1384 710 715
1457 1055 694
921 787 618
921 710 582
921 367 533
499 1055 413
499 955 572
499 710 388
499 514 538
499 354 648
1055 1040 831
1055 499 413
1055 6 680
1798 1384 814
1481 1419 663
1481 1077 689
593 1623 794
1457 1623 688
821 1623 475
1689 1623 784
20 1623 685
185 795 568
795 1623 510
795 197 748
347 1623 358
347 795 670
628 1623 660
1765 993 671
1932 1623 598
1786 1623 274
1786 795 586
1786 667 462
1755 1623 454
1755 667 642
1033 1623 451
525 997 896
525 667 703
1481 1623 420
667 1786 462
667 1755 642
667 1208 701
667 1033 639
667 993 685
667 525 703
1174 775 562
667 47 743
993 667 685
993 347 657
1623 1786 274
1623 1765 372
1623 1702 677
1623 1460 654
1623 1457 688
1623 1051 458
1623 1033 451
1623 957 611
1958 1478 608
1623 879 581
1623 821 475
1623 667 386
1623 593 794
1623 426 556
1623 347 358
1951 667 492
1943 1980 497
1623 344 675
1623 262 685
1623 47 555
628 1905 962
173 1699 823
262 1905 658
1481 1699 711
609 1905 425
1884 1905 562
1068 1905 605
47 1905 614
1184 628 687
1699 1481 711
997 1905 456
997 1699 655
1905 1884 562
1905 1699 371
1905 1544 717
1905 1460 594
1905 1366 874
1905 1223 536
1905 1068 605
1905 957 584
1905 923 795
1905 921 578
1905 609 425
1905 262 658
1905 24 544
710 940 871
1230 684 1076
1407 1184 715
1884 1184 652
1872 1184 535
1872 773 587
1872 338 493
1184 1872 535
338 1872 493
940 1686 718
294 648 597
347 940 641
773 940 707
185 1457 666
312 1457 741
1183 1457 803
1818 1457 596
1636 1842 1029
1636 1457 789
1525 665 760
1646 665 629
1842 1636 1029
1842 1475 885
1842 1183 1043
1798 665 428
1798 354 542
1457 1636 789
1457 185 666
665 1646 629
1636 1481 865
1196 1475 1100
955 1481 746
955 448 700
1689 1481 751
997 31 433
1475 684 689
1475 448 512
1481 1636 865
1176 623 1048
1481 448 438
448 1481 438
448 955 700
1299 799 590
225 1932 639
225 1053 679
225 799 513
225 648 739
225 367 627
1218 799 434
20 648 776
648 1218 660
648 1053 684
648 367 632
648 225 739
648 20 776
1053 1932 584
1932 1053 584
1932 367 532
1932 225 639
799 1475 944
799 1218 434
799 1163 628
799 1053 458
799 367 406
1048 1184 839
799 312 724
448 1457 497
799 20 550
367 1932 532
367 1218 548
367 225 627
47 1646 917
1135 1932 593
47 1176 597
1646 883 740
1366 27 756
499 1480 641
1130 1299 367
499 1176 405
879 1457 733
686 1176 357
20 1176 532
1291 1176 519
27 1792 684
1686 799 553
27 1366 756
312 1932 545
883 1480 656
1176 1930 707
1176 1818 752
1176 1792 435
1176 1480 384
1176 1138 875
1176 1055 624
1176 993 627
1176 883 420
1176 499 405
1176 312 507
1176 185 549
1176 47 597
1480 499 641
1480 6 770
1689 633 617
1689 202 700
1544 1818 707
737 1818 694
737 135 710
524 135 686
955 135 701
525 135 953
367 1951 532
1275 1428 1048
202 1884 959
223 795 504
202 1544 1025
1068 135 568
1673 1818 552
1673 1689 756
1673 135 568
1384 1818 831
1005 1818 523
1005 1051 899
1428 1818 673
448 1818 509
448 135 525
633 1689 617
1818 1689 382
1818 1673 552
1818 1544 707
1818 1428 673
1818 1048 642
1818 1005 523
1818 448 509
1818 135 194
1818 6 623
135 1819 803
135 1818 194
135 1428 689
686 1021 562
135 1051 570
135 737 710
135 448 525
135 202 512
1174 1818 506
1770 1183 831
367 1275 558
686 1958 573
1053 1958 563
20 1275 713
1184 367 936
1699 1230 671
1699 1183 657
1937 1958 681
1937 879 786
199 1958 551
609 1958 481
609 883 563
312 1958 554
312 883 636
1872 1649 547
1872 1275 448
879 883 579
1179 1299 577
879 795 734
879 199 656
1958 1183 477
1958 686 573
1958 312 554
1958 294 511
1958 20 804
1230 1958 491
1230 1937 780
1230 1275 400
1230 883 573
1649 1872 547
1649 199 559
1275 1937 590
1275 1872 448
1275 1786 688
1275 1689 705
1275 1163 745
1275 1053 472
1275 883 383
1275 795 538
1275 686 482
1163 1480 758
663 875 431
1275 609 390
1275 312 463
1275 199 460
1275 20 713
883 1958 474
883 1699 654
883 1230 573
883 1183 559
883 609 563
883 312 636
294 1958 511
1183 1649 485
1183 1275 386
294 1755 524
294 1055 482
294 1048 724
63 1755 432
63 1525 831
1702 799 610
63 1299 521
1980 1755 594
1109 1755 450
1109 1525 849
1109 1112 663
1702 1525 945
883 463 704
1702 1055 504
1702 1048 746
1112 1230 818
1112 344 671
1932 63 714
1366 344 882
197 1480 499
197 623 603
1048 1702 746
1048 1480 637
1048 344 658
1048 294 724
1048 63 632
1230 1112 818
1230 1055 563
1230 1048 805
1106 1525 909
1755 1480 437
1755 1421 677
1755 1109 450
1755 940 820
1625 1269 597
1755 623 541
1755 344 458
225 1649 701
1755 294 524
804 1055 601
344 1862 685
344 1366 882
344 1112 671
344 1055 416
1480 1755 437
1480 1055 395
1480 525 821
1480 197 499
1525 1480 836
1525 1407 991
1525 1109 849
1130 514 552
1525 294 923
1525 63 831
499 993 666
1055 1480 395
1068 1937 546
1055 294 482
1055 63 390
1051 1862 627
1051 1662 648
1051 1625 939
1819 1662 713
1544 225 827
1048 1662 812
1786 1196 685
1291 225 518
879 225 665
1643 1974 598
1643 1862 500
1643 1176 648
1643 905 712
1176 1974 588
1176 1943 828
312 1930 426
1176 1643 648
1818 1643 605
1176 338 606
1176 225 497
354 1643 583
1662 1974 461
1662 1544 841
1662 1176 511
1662 1051 648
923 1974 543
923 1643 603
923 1176 593
1184 1974 598
1184 1625 812
338 1974 556
338 1643 616
338 1176 606
1421 1974 666
1421 1643 726
1421 1625 880
1421 1291 737
1943 1862 680
1943 1662 701
905 1974 652
905 1819 904
905 1643 712
1943 1480 707
1974 1862 440
1974 1662 461
1974 1643 598
1974 1184 598
1974 1176 588
1974 923 543
821 1819 798
1974 905 652
1862 1291 511
1862 879 658
225 1974 447
225 1643 507
225 1625 661
225 1291 518
225 879 665
225 27 540
199 1755 511
202 875 1063
1190 875 853
1138 875 679
1877 1138 835
1877 648 684
1649 875 653
775 1152 945
775 1138 789
1223 1643 634
1004 1135 696
775 648 638
875 1649 653
875 1196 1036
875 648 528
648 1898 865
648 1877 684
648 875 528
648 775 638
648 667 707
525 448 916
1937 1275 742
1218 1275 536
448 1275 496
1275 1623 802
665 1275 490
1930 665 666
1689 31 754
1130 684 877
1478 879 822
883 1770 761
1218 1646 742
1218 684 701
1662 1646 722
1662 684 681
1662 428 817
448 1958 511
1163 1275 868
1686 1770 633
1223 1958 499
1223 1940 634
593 1702 675
1223 1860 637
1223 879 604
31 1958 571
31 1860 709
31 1770 527
31 428 726
684 1770 531
684 957 574
135 1958 663
1295 1958 736
1860 1958 694
1860 1646 754
1860 1223 637
1860 397 732
1770 1958 512
1770 1646 572
1770 1223 455
1770 879 617
1770 684 531
1770 31 527
428 1662 817
1275 1770 621
1275 31 680
397 1860 732
397 1770 550
879 1770 617
225 1077 462
1958 1860 694
1958 1770 512
1958 1689 739
1958 1223 499
1958 684 575
1958 307 804
1958 135 663
1940 1646 751
1940 684 710
957 1770 511
957 1223 498
1646 1951 812
665 1299 410
1646 1860 754
1646 1770 572
1646 428 771
1643 1481 881
1183 1607 858
11 540 535
1877 202 925
1530 540 614
1530 202 585
1898 1872 904
1898 1607 793
1898 540 729
1898 202 700
1419 540 658
1943 1481 588
1943 202 454
27 1299 517
649 1530 748
202 1943 454
202 1905 787
773 1702 651
202 1877 925
202 1643 747
202 1481 606
1636 1646 826
20 957 793
202 737 769
202 234 901
540 1943 483
540 1898 729
540 1530 614
540 1041 861
540 737 798
540 11 535
1937 11 770
1481 1943 588
1481 1898 834
1481 1607 699
1481 202 606
1673 1713 779
1673 1050 933
1673 773 575
1673 686 788
955 1765 1294
1004 773 695
842 1218 720
842 199 822
1190 525 794
27 1713 536
27 1068 510
27 199 581
788 1713 530
788 1218 473
788 773 326
1269 773 511
663 1884 520
663 1713 589
663 1407 681
663 1218 532
663 1068 563
663 1050 743
663 686 598
663 609 641
609 663 641
609 223 534
923 773 698
1407 223 574
1884 1673 710
1884 773 465
1884 229 807
1068 1607 666
199 842 822
199 27 581
1623 1384 729
1525 923 822
229 773 672
1607 199 737
223 1407 574
223 1384 536
223 1218 425
223 1068 456
223 773 278
223 609 534
1384 1623 729
1384 229 930
